3.138451 -0.045157 -1.709567
3.138451 -0.045157 -1.709567
3.138451 -0.045157 -1.709567
3.138451 -0.045157 -1.709567
3.138451 -0.045157 -1.709567
3.138451 -0.045157 -1.709567
3.138451 -0.045157 -1.709567
3.138451 -0.045157 -1.709567
3.138451 -0.045157 -1.709567
3.138451 -0.045157 -1.709567
3.138451 -0.045157 -1.709567
3.138451 -0.045157 -1.709567
3.138451 -0.045157 -1.709567
3.138451 -0.045157 -1.709567
3.138451 -0.045157 -1.709567
3.138451 -0.045157 -1.709567
3.138451 -0.045157 -1.709567
3.138451 -0.045157 -1.709567
3.138451 -0.045157 -1.709567
3.138451 -0.045157 -1.709567
3.076317 -0.045157 -1.709567
2.976317 -0.045157 -1.709567
2.976317 -0.045157 -1.709567
2.976317 -0.045157 -1.709567
2.976317 -0.045157 -1.709567
2.976317 -0.045157 -1.709567
2.976317 -0.045157 -1.709567
2.976317 -0.045157 -1.709567
2.976317 -0.045157 -1.709567
2.976317 -0.045157 -1.709567
2.976317 -0.045157 -1.709567
2.976317 -0.045157 -1.709567
2.976317 -0.045157 -1.709567
2.976317 -0.045157 -1.709567
2.976317 -0.045157 -1.709567
2.976317 -0.045157 -1.709567
2.976317 -0.045157 -1.709567
2.976317 -0.045157 -1.709567
2.976317 -0.045157 -1.709567
2.976317 -0.045157 -1.709567
2.976317 -0.045157 -1.709567
2.976317 -0.045157 -1.709567
2.976317 -0.045157 -1.709567
2.976317 -0.045157 -1.709567
2.976317 -0.045157 -1.709567
2.976317 -0.045157 -1.709567
2.976317 -0.045157 -1.709567
2.976317 -0.045157 -1.709567
2.976317 -0.109788 -1.709567
3.019321 -0.182742 -1.709567
3.019321 -0.182742 -1.709567
3.019321 -0.182742 -1.709567
3.019321 -0.182742 -1.709567
3.019321 -0.182742 -1.709567
3.019321 -0.182742 -1.709567
3.019321 -0.182742 -1.709567
3.019321 -0.182742 -1.709567
3.019321 -0.182742 -1.709567
3.019321 -0.182742 -1.709567
3.019321 -0.182742 -1.709567
3.019321 -0.107285 -1.709567
3.019321 -0.087581 -1.709567
3.019321 -0.087581 -1.709567
3.019321 -0.087581 -1.709567
3.033201 -0.015452 -1.709567
3.033201 -0.015452 -1.709567
3.033201 -0.015452 -1.709567
3.033201 -0.015452 -1.709567
3.033201 -0.015452 -1.709567
3.033201 -0.015452 -1.709567
3.033201 -0.015452 -1.709567
3.033201 -0.015452 -1.709567
3.033201 -0.015452 -1.709567
3.033201 -0.015452 -1.709567
3.033201 -0.015452 -1.709567
3.033201 -0.015452 -1.709567
3.033201 -0.015452 -1.709567
3.033201 -0.015452 -1.709567
3.033201 -0.015452 -1.709567
3.033201 -0.015452 -1.709567
3.033201 -0.015452 -1.709567
3.033201 -0.015452 -1.709567
3.033201 -0.015452 -1.709567
3.033201 -0.015452 -1.709567
3.033201 -0.015452 -1.709567
3.033201 -0.015452 -1.709567
3.033201 -0.015452 -1.709567
3.033201 -0.015452 -1.709567
3.033201 -0.015452 -1.709567
3.033201 -0.015452 -1.709567
3.033201 -0.015452 -1.709567
3.033201 -0.015452 -1.709567
3.033201 -0.015452 -1.709567
3.033201 -0.015452 -1.709567
3.033201 -0.015452 -1.709567
3.033201 -0.015452 -1.709567
3.033201 -0.015452 -1.709567
3.033201 -0.015452 -1.709567
3.033201 -0.015452 -1.709567
3.033201 -0.015452 -1.709567
3.033201 -0.015452 -1.709567
3.033201 -0.015452 -1.709567
3.033201 -0.015452 -1.709567
3.033201 -0.015452 -1.709567
3.033201 -0.015452 -1.709567
3.033201 -0.015452 -1.709567
3.033201 -0.015452 -1.709567
3.033201 -0.015452 -1.709567
3.033201 -0.015452 -1.709567
3.033201 -0.015452 -1.709567
3.033201 -0.015452 -1.709567
3.033201 -0.015452 -1.709567
3.033201 -0.015452 -1.709567
3.033201 -0.015452 -1.709567
3.033201 -0.015452 -1.709567
3.033201 -0.015452 -1.709567
3.033201 -0.015452 -1.709567
3.033201 -0.015452 -1.709567
3.033201 -0.015452 -1.709567
3.033201 -0.015452 -1.709567
3.033201 -0.015452 -1.709567
3.033201 -0.015452 -1.709567
3.033201 -0.015452 -1.709567
3.033201 -0.015452 -1.709567
3.033201 -0.015452 -1.709567
3.033201 -0.015452 -1.709567
3.033201 -0.015452 -1.709567
3.033201 -0.015452 -1.709567
3.033201 -0.015452 -1.709567
3.033201 -0.015452 -1.709567
3.033201 -0.015452 -1.709567
3.033201 -0.015452 -1.709567
3.033201 -0.015452 -1.709567
3.033201 -0.015452 -1.709567
3.033201 -0.015452 -1.709567
3.033201 -0.015452 -1.709567
3.033201 -0.015452 -1.709567
3.033201 -0.015452 -1.709567
3.033201 -0.015452 -1.709567
3.033201 -0.015452 -1.709567
3.033201 -0.015452 -1.709567
3.033201 -0.015452 -1.709567
3.033201 -0.015452 -1.709567
3.033201 -0.015452 -1.709567
3.033201 -0.015452 -1.709567
3.033201 -0.015452 -1.709567
3.033201 -0.015452 -1.709567
3.033201 -0.015452 -1.709567
3.033201 -0.015452 -1.709567
3.033201 -0.015452 -1.709567
3.033201 -0.015452 -1.709567
3.033201 -0.015452 -1.709567
3.033201 -0.015452 -1.709567
3.033201 -0.015452 -1.709567
3.033201 -0.015452 -1.709567
3.033201 -0.015452 -1.709567
3.033201 -0.015452 -1.709567
3.033201 -0.015452 -1.709567
3.033201 -0.015452 -1.709567
3.033201 -0.015452 -1.709567
3.033201 -0.015452 -1.709567
3.033201 -0.015452 -1.709567
3.033201 -0.015452 -1.709567
3.033201 -0.015452 -1.709567
3.033201 -0.015452 -1.709567
3.033201 -0.015452 -1.709567
3.033201 -0.015452 -1.709567
3.033201 -0.015452 -1.709567
3.033201 -0.015452 -1.709567
3.033201 -0.015452 -1.709567
3.033201 -0.015452 -1.709567
3.033201 -0.015452 -1.709567
3.033201 -0.015452 -1.709567
3.033201 -0.015452 -1.709567
3.033201 -0.015452 -1.709567
3.033201 -0.015452 -1.709567
3.033201 -0.015452 -1.709567
3.033201 -0.015452 -1.709567
3.033201 -0.015452 -1.709567
3.033201 -0.015452 -1.709567
3.033201 -0.015452 -1.709567
3.033201 -0.015452 -1.709567
3.033201 -0.015452 -1.709567
3.033201 -0.015452 -1.709567
3.033201 -0.015452 -1.709567
3.033201 -0.015452 -1.709567
3.033201 -0.015452 -1.709567
3.033201 -0.015452 -1.709567
3.033201 -0.015452 -1.709567
3.033201 -0.015452 -1.709567
3.033201 -0.015452 -1.709567
3.033201 -0.015452 -1.709567
3.033201 -0.015452 -1.709567
3.033201 -0.015452 -1.709567
3.033201 -0.015452 -1.709567
3.033201 -0.015452 -1.709567
3.033201 -0.015452 -1.709567
3.033201 -0.015452 -1.709567
3.033201 -0.015452 -1.709567
3.033201 -0.015452 -1.709567
3.033201 -0.015452 -1.709567
3.033201 -0.015452 -1.709567
3.033201 -0.015452 -1.709567
3.033201 -0.015452 -1.709567
3.033201 -0.015452 -1.709567
3.033201 -0.015452 -1.709567
3.033201 -0.015452 -1.709567
3.033201 -0.015452 -1.709567
3.033201 -0.015452 -1.709567
3.033201 -0.015452 -1.709567
3.033201 -0.015452 -1.709567
3.033201 -0.015452 -1.709567
3.033201 -0.015452 -1.709567
3.033201 -0.015452 -1.709567
3.033201 -0.015452 -1.709567
3.033201 -0.015452 -1.709567
3.033201 -0.015452 -1.709567
3.033201 -0.015452 -1.709567
3.033201 -0.015452 -1.709567
3.033201 -0.015452 -1.709567
3.033201 -0.015452 -1.709567
3.033201 -0.015452 -1.709567
3.033201 -0.015452 -1.709567
3.033201 -0.015452 -1.709567
3.033201 -0.015452 -1.709567
3.033201 -0.015452 -1.709567
3.033201 -0.015452 -1.709567
3.033201 -0.015452 -1.709567
3.033201 -0.015452 -1.709567
3.033201 -0.015452 -1.709567
3.033201 -0.015452 -1.709567
3.033201 -0.015452 -1.709567
3.033201 -0.015452 -1.709567
3.033201 -0.015452 -1.709567
3.033201 -0.015452 -1.709567
3.033201 -0.015452 -1.709567
3.033201 -0.015452 -1.709567
3.033201 -0.015452 -1.709567
3.033201 -0.015452 -1.709567
3.033201 -0.015452 -1.709567
3.033201 -0.015452 -1.709567
3.033201 -0.015452 -1.709567
3.033201 -0.015452 -1.709567
3.033201 -0.015452 -1.709567
3.033201 -0.015452 -1.709567
3.033201 -0.015452 -1.709567
3.033201 -0.015452 -1.709567
3.033201 -0.015452 -1.709567
3.033201 -0.015452 -1.709567
3.033201 -0.015452 -1.709567
3.033201 -0.015452 -1.709567
3.033201 -0.015452 -1.709567
3.033201 -0.015452 -1.709567
3.033201 -0.015452 -1.709567
3.033201 -0.015452 -1.709567
3.033201 -0.015452 -1.709567
3.033201 -0.015452 -1.709567
3.033201 -0.015452 -1.709567
3.033201 -0.015452 -1.709567
3.033201 -0.015452 -1.709567
3.033201 -0.015452 -1.709567
3.033201 -0.015452 -1.709567
3.033201 -0.015452 -1.709567
3.033201 -0.015452 -1.709567
3.033201 -0.015452 -1.709567
3.033201 -0.015452 -1.709567
3.033201 -0.015452 -1.709567
3.033201 -0.015452 -1.709567
3.033201 -0.015452 -1.709567
3.033201 -0.015452 -1.709567
3.033201 -0.015452 -1.709567
3.033201 -0.015452 -1.709567
3.033201 -0.015452 -1.709567
3.033201 -0.015452 -1.709567
3.033201 -0.015452 -1.709567
3.033201 -0.015452 -1.709567
3.033201 -0.015452 -1.709567
3.033201 -0.015452 -1.709567
3.033201 -0.015452 -1.709567
3.033201 -0.015452 -1.709567
3.033201 -0.015452 -1.709567
3.033201 -0.015452 -1.709567
3.033201 -0.015452 -1.709567
3.033201 -0.015452 -1.709567
3.033201 -0.015452 -1.709567
3.033201 -0.015452 -1.709567
3.033201 -0.015452 -1.709567
3.033201 -0.015452 -1.709567
3.033201 -0.015452 -1.709567
3.033201 -0.015452 -1.709567
3.033201 -0.015452 -1.709567
3.033201 -0.015452 -1.709567
3.033201 -0.015452 -1.709567
3.033201 -0.015452 -1.709567
3.033201 -0.015452 -1.709567
3.033201 -0.015452 -1.709567
3.033201 -0.015452 -1.709567
3.033201 -0.015452 -1.709567
3.033201 -0.015452 -1.709567
3.033201 -0.015452 -1.709567
3.033201 -0.015452 -1.709567
3.033201 -0.015452 -1.709567
3.033201 -0.015452 -1.709567
3.033201 -0.015452 -1.709567
3.033201 -0.015452 -1.709567
3.033201 -0.015452 -1.709567
3.033201 -0.015452 -1.709567
3.033201 -0.015452 -1.709567
3.033201 -0.015452 -1.709567
3.033201 -0.015452 -1.709567
3.033201 -0.015452 -1.709567
3.033201 -0.015452 -1.709567
3.033201 -0.015452 -1.709567
3.033201 -0.015452 -1.709567
3.033201 -0.015452 -1.709567
3.033201 -0.015452 -1.709567
3.033201 -0.015452 -1.709567
3.033201 -0.015452 -1.709567
3.033201 -0.015452 -1.709567
3.033201 -0.015452 -1.709567
3.033201 -0.015452 -1.709567
3.033201 -0.015452 -1.709567
3.033201 -0.015452 -1.709567
3.033201 -0.015452 -1.709567
3.033201 -0.015452 -1.709567
3.033201 -0.015452 -1.709567
3.033201 -0.015452 -1.709567
3.033201 -0.015452 -1.709567
3.033201 -0.015452 -1.709567
3.033201 -0.015452 -1.709567
3.033201 -0.015452 -1.709567
3.033201 -0.015452 -1.709567
3.033201 -0.015452 -1.709567
3.033201 -0.015452 -1.709567
3.033201 -0.015452 -1.709567
3.033201 -0.015452 -1.709567
3.033201 -0.015452 -1.709567
3.033201 -0.015452 -1.709567
3.033201 -0.015452 -1.709567
3.033201 -0.015452 -1.709567
3.033201 -0.015452 -1.709567
3.033201 -0.015452 -1.709567
3.033201 -0.015452 -1.709567
3.033201 -0.015452 -1.709567
3.033201 -0.015452 -1.709567
3.033201 -0.015452 -1.709567
3.033201 -0.015452 -1.709567
3.033201 -0.015452 -1.709567
3.033201 -0.015452 -1.709567
3.033201 -0.015452 -1.709567
3.033201 -0.015452 -1.709567
3.033201 -0.015452 -1.709567
3.033201 -0.015452 -1.709567
3.033201 -0.015452 -1.709567
3.033201 -0.015452 -1.709567
3.033201 -0.015452 -1.709567
3.033201 -0.015452 -1.709567
3.033201 -0.015452 -1.709567
3.033201 -0.015452 -1.709567
3.033201 -0.015452 -1.709567
3.033201 -0.015452 -1.709567
3.033201 -0.015452 -1.709567
3.033201 -0.015452 -1.709567
3.033201 -0.015452 -1.709567
3.033201 -0.015452 -1.709567
3.033201 -0.015452 -1.709567
3.033201 -0.015452 -1.709567
3.033201 -0.015452 -1.709567
3.033201 -0.015452 -1.709567
3.033201 -0.015452 -1.709567
3.033201 -0.015452 -1.709567
3.033201 -0.015452 -1.709567
3.033201 -0.015452 -1.709567
3.033201 -0.015452 -1.709567
3.033201 -0.015452 -1.709567
3.033201 -0.015452 -1.709567
3.033201 -0.015452 -1.709567
3.033201 -0.015452 -1.709567
3.033201 -0.015452 -1.709567
3.033201 -0.015452 -1.709567
3.033201 -0.015452 -1.709567
3.033201 -0.015452 -1.709567
3.033201 -0.015452 -1.709567
3.033201 -0.015452 -1.709567
3.033201 -0.015452 -1.709567
3.033201 -0.015452 -1.709567
3.033201 -0.015452 -1.709567
3.033201 -0.015452 -1.692993
3.033201 -0.015452 -1.652381
3.033201 -0.015452 -1.601697
3.033201 -0.015452 -1.523661
3.033201 -0.015452 -1.427390
3.033201 -0.015452 -1.327390
3.033201 -0.015452 -1.327390
3.033201 -0.015452 -1.327390
3.033201 -0.015452 -1.243552
3.033201 -0.015452 -1.243552
3.033201 -0.015452 -1.243552
3.033201 -0.015452 -1.199625
3.033201 -0.015452 -1.099625
3.033201 -0.015452 -1.068130
3.033201 -0.015452 -1.068130
3.033201 -0.015452 -1.053213
3.033201 -0.015452 -0.953213
3.033201 -0.015452 -0.942854
3.033201 -0.015452 -0.942854
3.033201 -0.015452 -0.842854
3.033201 -0.015452 -0.842854
3.033201 -0.015452 -0.842854
3.033201 -0.015452 -0.834153
3.033201 -0.015452 -0.734153
3.033201 -0.015452 -0.716335
3.033201 -0.015452 -0.701418
3.033201 -0.015452 -0.601418
3.033201 -0.015452 -0.589402
3.033201 -0.015452 -0.586502
3.033201 -0.015452 -0.486502
3.033201 -0.015452 -0.486502
3.033201 -0.015452 -0.486502
3.033201 -0.015452 -0.402664
3.033201 -0.015452 -0.402664
3.033201 -0.015452 -0.398107
3.033201 -0.015452 -0.312612
3.033201 -0.015452 -0.312612
3.033201 -0.015452 -0.299352
3.033201 -0.015452 -0.299352
3.033201 -0.015452 -0.199352
3.033201 -0.015452 -0.141209
3.033201 -0.015452 -0.141209
3.033201 -0.015452 -0.141209
3.033201 -0.015452 -0.141209
3.033201 -0.015452 -0.141209
3.033201 -0.015452 -0.141209
3.033201 -0.015452 -0.141209
3.033201 -0.015452 -0.141209
3.033201 -0.015452 -0.141209
3.033201 -0.015452 -0.141209
3.033201 -0.015452 -0.141209
3.033201 -0.015452 -0.141209
3.033201 -0.015452 -0.141209
3.033201 -0.015452 -0.141209
3.033201 -0.015452 -0.141209
3.033201 -0.015452 -0.141209
3.033201 -0.015452 -0.141209
3.033201 -0.015452 -0.141209
3.033201 -0.015452 -0.141209
3.033201 -0.015452 -0.141209
3.033201 -0.015452 -0.141209
3.033201 -0.015452 -0.141209
3.033201 -0.015452 -0.141209
3.033201 -0.015452 -0.141209
3.033201 -0.015452 -0.141209
3.033201 -0.015452 -0.141209
3.033201 -0.015452 -0.141209
3.033201 -0.015452 -0.141209
3.033201 -0.015452 -0.141209
3.033201 -0.015452 -0.141209
3.033201 -0.015452 -0.141209
3.033201 -0.015452 -0.141209
3.033201 -0.015452 -0.141209
3.033201 -0.015452 -0.141209
3.033201 -0.015452 -0.141209
3.033201 -0.015452 -0.141209
3.033201 -0.015452 -0.141209
3.033201 -0.015452 -0.141209
3.033201 -0.015452 -0.141209
3.033201 -0.015452 -0.141209
3.033201 -0.015452 -0.141209
3.033201 -0.015452 -0.141209
3.033201 -0.015452 -0.141209
3.033201 -0.015452 -0.141209
3.033201 -0.015452 -0.141209
3.033201 -0.015452 -0.141209
3.033201 -0.015452 -0.141209
3.033201 -0.015452 -0.141209
3.033201 -0.015452 -0.141209
3.033201 -0.015452 -0.141209
3.033201 -0.015452 -0.141209
3.033201 -0.015452 -0.141209
3.033201 -0.015452 -0.141209
3.033201 -0.015452 -0.141209
3.033201 -0.015452 -0.141209
3.033201 -0.015452 -0.141209
3.033201 -0.015452 -0.141209
3.033201 -0.015452 -0.141209
3.033201 -0.015452 -0.141209
3.033201 -0.015452 -0.141209
3.033201 -0.015452 -0.141209
3.033201 -0.015452 -0.141209
3.033201 -0.015452 -0.141209
3.033201 -0.015452 -0.141209
3.033201 -0.015452 -0.141209
3.033201 -0.015452 -0.141209
3.033201 -0.015452 -0.141209
3.033201 -0.015452 -0.141209
3.033201 -0.015452 -0.141209
3.033201 -0.015452 -0.141209
3.033201 -0.015452 -0.141209
3.033201 -0.015452 -0.141209
3.033201 -0.015452 -0.141209
3.033201 -0.015452 -0.141209
3.033201 -0.015452 -0.141209
3.033201 -0.015452 -0.141209
3.033201 -0.015452 -0.141209
3.033201 -0.015452 -0.141209
3.033201 -0.015452 -0.141209
3.033201 -0.015452 -0.141209
3.033201 -0.015452 -0.141209
3.033201 -0.015452 -0.141209
3.033201 -0.015452 -0.141209
3.033201 -0.015452 -0.141209
3.033201 -0.015452 -0.141209
3.033201 -0.015452 -0.141209
3.033201 -0.015452 -0.141209
3.033201 -0.015452 -0.141209
3.033201 -0.015452 -0.141209
3.033201 -0.015452 -0.141209
3.033201 -0.015452 -0.141209
3.033201 -0.015452 -0.141209
3.033201 -0.015452 -0.141209
3.033201 -0.015452 -0.141209
3.033201 -0.015452 -0.141209
3.033201 -0.015452 -0.141209
3.033201 -0.015452 -0.141209
3.033201 -0.015452 -0.141209
3.033201 -0.015452 -0.141209
3.033201 -0.015452 -0.141209
3.033201 -0.015452 -0.141209
3.033201 -0.015452 -0.141209
3.033201 -0.015452 -0.141209
3.033201 -0.015452 -0.141209
3.033201 -0.015452 -0.141209
3.033201 -0.015452 -0.141209
3.033201 -0.015452 -0.141209
3.033201 -0.015452 -0.141209
3.033201 -0.015452 -0.141209
3.033201 -0.015452 -0.141209
3.033201 -0.015452 -0.141209
3.033201 -0.015452 -0.141209
3.033201 -0.015452 -0.141209
3.033201 -0.015452 -0.141209
3.033201 -0.015452 -0.141209
3.033201 -0.015452 -0.141209
3.033201 -0.015452 -0.141209
3.033201 -0.015452 -0.141209
3.033201 -0.015452 -0.141209
3.033201 -0.015452 -0.141209
3.033201 -0.015452 -0.141209
3.033201 -0.015452 -0.141209
3.033201 -0.015452 -0.141209
3.033201 -0.015452 -0.141209
3.033201 -0.015452 -0.141209
3.033201 -0.015452 -0.141209
3.033201 -0.015452 -0.141209
3.033201 -0.015452 -0.141209
3.033201 -0.015452 -0.141209
3.033201 -0.015452 -0.141209
3.033201 -0.015452 -0.141209
3.033201 -0.015452 -0.141209
3.033201 -0.015452 -0.141209
3.033201 -0.015452 -0.141209
3.033201 -0.015452 -0.141209
3.033201 -0.015452 -0.141209
3.033201 -0.015452 -0.141209
3.033201 -0.015452 -0.141209
3.033201 -0.015452 -0.141209
3.033201 -0.015452 -0.141209
3.033201 -0.015452 -0.141209
3.033201 -0.015452 -0.141209
3.033201 -0.015452 -0.141209
3.033201 -0.015452 -0.141209
3.033201 -0.015452 -0.141209
3.033201 -0.015452 -0.141209
3.033201 -0.015452 -0.141209
3.033201 -0.015452 -0.141209
3.033201 -0.015452 -0.141209
3.033201 -0.015452 -0.141209
3.033201 -0.015452 -0.141209
3.033201 -0.015452 -0.141209
3.033201 -0.015452 -0.141209
3.033201 -0.015452 -0.159027
3.033201 -0.015452 -0.208756
3.033201 -0.015452 -0.273116
3.033201 -0.015452 -0.354053
3.033201 -0.015452 -0.448665
3.033201 -0.015452 -0.544936
3.033201 -0.015452 -0.644936
3.033201 -0.015452 -0.644936
3.033201 -0.015452 -0.691764
3.033201 -0.015452 -0.791764
3.033201 -0.015452 -0.871043
3.033201 -0.015452 -0.971043
3.033201 -0.015452 -1.021727
3.033201 -0.015452 -1.121727
3.033201 -0.015452 -1.221727
3.033201 -0.015452 -1.284429
3.033201 -0.015452 -1.284429
3.033201 -0.015452 -1.384429
3.033201 -0.015452 -1.408463
3.033201 -0.015452 -1.426281
3.033201 -0.015452 -1.526281
3.033201 -0.015452 -1.532081
3.033201 -0.015452 -1.532081
3.033201 -0.015452 -1.532081
3.033201 -0.015452 -1.532081
3.033201 -0.015452 -1.532081
3.033201 -0.015452 -1.532081
3.033201 -0.015452 -1.532081
3.033201 -0.015452 -1.532081
3.033201 -0.015452 -1.532081
3.033201 -0.015452 -1.532081
3.033201 -0.015452 -1.532081
3.033201 -0.015452 -1.532081
3.033201 -0.015452 -1.532081
3.033201 -0.015452 -1.532081
3.033201 -0.015452 -1.532081
3.033201 -0.015452 -1.532081
3.033201 -0.015452 -1.532081
3.033201 -0.015452 -1.532081
3.033201 -0.015452 -1.532081
3.033201 -0.015452 -1.532081
3.033201 -0.015452 -1.532081
3.033201 -0.015452 -1.532081
3.033201 -0.015452 -1.532081
3.033201 -0.015452 -1.532081
3.033201 -0.015452 -1.532081
3.033201 -0.015452 -1.532081
3.033201 -0.015452 -1.532081
3.033201 -0.015452 -1.532081
3.033201 -0.015452 -1.532081
3.033201 -0.015452 -1.532081
3.033201 -0.015452 -1.532081
3.033201 -0.015452 -1.532081
3.033201 -0.015452 -1.532081
3.033201 -0.015452 -1.532081
3.033201 -0.015452 -1.532081
3.033201 -0.015452 -1.532081
3.033201 -0.015452 -1.532081
3.033201 -0.015452 -1.532081
3.033201 -0.015452 -1.532081
3.033201 -0.015452 -1.532081
3.033201 -0.015452 -1.532081
3.033201 -0.015452 -1.532081
3.033201 -0.015452 -1.532081
3.033201 -0.015452 -1.532081
3.033201 -0.015452 -1.532081
3.033201 -0.015452 -1.532081
3.033201 -0.015452 -1.532081
3.033201 -0.015452 -1.532081
3.033201 -0.015452 -1.532081
3.033201 -0.015452 -1.532081
3.033201 -0.015452 -1.532081
3.033201 -0.015452 -1.532081
3.033201 -0.015452 -1.532081
3.033201 -0.015452 -1.532081
3.033201 -0.015452 -1.532081
3.033201 -0.015452 -1.532081
3.033201 -0.015452 -1.532081
3.033201 -0.015452 -1.532081
3.033201 -0.015452 -1.532081
3.033201 -0.015452 -1.532081
3.033201 -0.015452 -1.532081
3.033201 -0.015452 -1.532081
3.033201 -0.015452 -1.532081
3.033201 -0.015452 -1.532081
3.033201 -0.015452 -1.532081
3.033201 -0.015452 -1.532081
3.033201 -0.015452 -1.532081
3.033201 -0.015452 -1.532081
3.033201 -0.015452 -1.532081
3.033201 -0.015452 -1.532081
3.033201 -0.015452 -1.532081
3.033201 -0.015452 -1.532081
3.033201 -0.015452 -1.532081
3.033201 -0.015452 -1.532081
3.033201 -0.015452 -1.532081
3.033201 -0.015452 -1.532081
3.033201 -0.015452 -1.532081
3.033201 -0.015452 -1.532081
3.033201 -0.015452 -1.532081
3.033201 -0.015452 -1.532081
3.033201 -0.015452 -1.532081
3.033201 -0.015452 -1.532081
3.033201 -0.015452 -1.532081
3.033201 -0.015452 -1.532081
3.033201 -0.015452 -1.532081
3.033201 -0.015452 -1.532081
3.033201 -0.015452 -1.532081
3.033201 -0.015452 -1.532081
3.033201 -0.015452 -1.532081
3.033201 -0.015452 -1.532081
3.033201 -0.015452 -1.532081
3.033201 -0.015452 -1.532081
3.033201 -0.015452 -1.532081
3.033201 -0.015452 -1.532081
3.033201 -0.015452 -1.532081
3.033201 -0.015452 -1.532081
3.033201 -0.015452 -1.532081
3.033201 -0.015452 -1.532081
3.033201 -0.015452 -1.532081
3.033201 -0.015452 -1.532081
3.033201 -0.015452 -1.532081
3.033201 -0.015452 -1.532081
3.033201 -0.015452 -1.532081
3.033201 -0.015452 -1.532081
3.033201 -0.015452 -1.532081
3.033201 -0.015452 -1.532081
3.033201 -0.015452 -1.532081
3.033201 -0.015452 -1.532081
3.033201 -0.015452 -1.532081
3.033201 -0.015452 -1.532081
3.033201 -0.015452 -1.532081
3.033201 -0.015452 -1.532081
3.033201 -0.015452 -1.532081
3.033201 -0.015452 -1.532081
3.033201 -0.015452 -1.532081
3.033201 -0.015452 -1.532081
3.033201 -0.015452 -1.532081
3.033201 -0.015452 -1.532081
3.033201 -0.015452 -1.532081
3.033201 -0.015452 -1.532081
3.033201 -0.015452 -1.532081
3.033201 -0.015452 -1.532081
3.033201 -0.015452 -1.532081
3.033201 -0.015452 -1.532081
3.033201 -0.015452 -1.532081
3.033201 -0.015452 -1.532081
3.033201 -0.015452 -1.532081
3.033201 -0.015452 -1.532081
3.033201 -0.015452 -1.532081
3.033201 -0.015452 -1.532081
3.033201 -0.015452 -1.532081
3.033201 -0.015452 -1.532081
3.033201 -0.015452 -1.532081
3.033201 -0.015452 -1.532081
3.033201 -0.015452 -1.532081
3.033201 -0.015452 -1.532081
3.033201 -0.015452 -1.532081
3.033201 -0.015452 -1.532081
3.033201 -0.015452 -1.532081
3.033201 -0.015452 -1.532081
3.033201 -0.015452 -1.532081
3.033201 -0.015452 -1.532081
3.033201 -0.015452 -1.532081
3.033201 -0.015452 -1.532081
3.033201 -0.015452 -1.532081
3.033201 -0.015452 -1.532081
3.033201 -0.015452 -1.532081
3.033201 -0.015452 -1.532081
3.033201 -0.015452 -1.532081
3.033201 -0.015452 -1.532081
3.033201 -0.015452 -1.532081
3.033201 -0.015452 -1.532081
3.033201 -0.015452 -1.532081
3.033201 -0.015452 -1.532081
3.033201 -0.015452 -1.532081
3.033201 -0.015452 -1.532081
3.033201 -0.015452 -1.532081
3.033201 -0.015452 -1.532081
3.033201 -0.015452 -1.532081
3.033201 -0.015452 -1.532081
3.033201 -0.015452 -1.532081
3.033201 -0.015452 -1.532081
3.033201 -0.015452 -1.532081
3.033201 -0.015452 -1.532081
3.033201 -0.015452 -1.532081
3.033201 -0.015452 -1.532081
3.033201 -0.015452 -1.532081
3.033201 -0.015452 -1.532081
3.033201 -0.015452 -1.532081
3.033201 -0.015452 -1.532081
3.033201 -0.015452 -1.532081
3.033201 -0.015452 -1.532081
3.033201 -0.015452 -1.532081
3.033201 -0.015452 -1.532081
3.033201 -0.015452 -1.532081
3.033201 -0.015452 -1.532081
3.033201 -0.015452 -1.532081
3.033201 -0.015452 -1.532081
3.033201 -0.015452 -1.532081
3.033201 -0.015452 -1.532081
3.033201 -0.015452 -1.532081
3.033201 -0.015452 -1.532081
3.033201 -0.015452 -1.532081
3.033201 -0.015452 -1.532081
3.033201 -0.015452 -1.532081
3.033201 -0.015452 -1.532081
3.033201 -0.015452 -1.532081
3.033201 -0.015452 -1.532081
3.033201 -0.015452 -1.532081
3.033201 -0.015452 -1.532081
3.033201 -0.015452 -1.532081
3.033201 -0.015452 -1.532081
3.033201 -0.015452 -1.532081
3.033201 -0.015452 -1.532081
3.033201 -0.015452 -1.532081
3.033201 -0.015452 -1.532081
3.033201 -0.015452 -1.532081
3.033201 -0.015452 -1.532081
3.033201 -0.015452 -1.532081
3.033201 -0.015452 -1.532081
3.033201 -0.015452 -1.532081
3.033201 -0.015452 -1.532081
3.033201 -0.015452 -1.532081
3.033201 -0.015452 -1.532081
3.033201 -0.015452 -1.532081
3.033201 -0.015452 -1.532081
3.033201 -0.015452 -1.532081
3.033201 -0.015452 -1.532081
3.033201 -0.015452 -1.532081
3.033201 -0.015452 -1.532081
3.033201 -0.015452 -1.532081
3.033201 -0.015452 -1.532081
3.033201 -0.015452 -1.532081
3.033201 -0.015452 -1.532081
3.033201 -0.015452 -1.532081
3.033201 -0.015452 -1.532081
3.033201 -0.015452 -1.532081
3.033201 -0.015452 -1.532081
3.033201 -0.015452 -1.532081
3.033201 -0.015452 -1.532081
3.033201 -0.015452 -1.532081
3.033201 -0.015452 -1.532081
3.033201 -0.015452 -1.532081
3.033201 -0.015452 -1.532081
3.033201 -0.015452 -1.532081
3.033201 -0.015452 -1.532081
3.033201 -0.015452 -1.532081
3.033201 -0.015452 -1.532081
3.033201 -0.015452 -1.632081
3.033201 -0.015452 -1.632081
3.033201 -0.015452 -1.632081
3.033201 -0.015452 -1.632081
3.033201 -0.015452 -1.632081
3.033201 -0.015452 -1.632081
3.033201 -0.015452 -1.694783
3.033201 -0.015452 -1.694783
3.033201 -0.015452 -1.694783
3.033201 -0.015452 -1.694783
3.033201 -0.015452 -1.694783
3.033201 -0.015452 -1.694783
3.033201 -0.015452 -1.694783
3.033201 -0.015452 -1.694783
3.033201 -0.015452 -1.694783
3.033201 -0.015452 -1.694783
3.033201 -0.015452 -1.694783
3.033201 -0.015452 -1.694783
3.033201 -0.015452 -1.694783
3.033201 -0.015452 -1.694783
3.033201 -0.015452 -1.694783
3.033201 -0.015452 -1.694783
3.033201 -0.015452 -1.694783
3.033201 -0.015452 -1.694783
3.033201 -0.015452 -1.694783
3.033201 -0.015452 -1.694783
3.033201 -0.015452 -1.694783
3.033201 -0.015452 -1.694783
3.033201 -0.015452 -1.694783
3.033201 -0.015452 -1.694783
3.033201 -0.015452 -1.694783
3.033201 -0.015452 -1.694783
3.033201 -0.015452 -1.694783
3.033201 -0.015452 -1.694783
3.033201 -0.015452 -1.694783
3.033201 -0.015452 -1.694783
3.033201 -0.015452 -1.694783
3.033201 -0.015452 -1.694783
3.033201 -0.015452 -1.694783
3.033201 -0.015452 -1.694783
3.033201 -0.015452 -1.694783
3.033201 -0.015452 -1.694783
3.033201 -0.015452 -1.694783
3.033201 -0.015452 -1.694783
3.033201 -0.015452 -1.694783
3.033201 -0.015452 -1.694783
3.033201 -0.015452 -1.694783
3.033201 -0.015452 -1.694783
3.033201 -0.015452 -1.694783
3.033201 -0.015452 -1.694783
3.033201 -0.015452 -1.694783
3.033201 -0.015452 -1.694783
3.033201 -0.015452 -1.694783
3.033201 -0.015452 -1.694783
3.033201 -0.015452 -1.694783
3.033201 -0.015452 -1.694783
3.033201 -0.015452 -1.694783
3.033201 -0.015452 -1.694783
3.033201 -0.015452 -1.694783
3.033201 -0.015452 -1.694783
3.033201 -0.015452 -1.694783
3.033201 -0.015452 -1.694783
3.033201 -0.015452 -1.694783
3.033201 -0.015452 -1.694783
3.033201 -0.015452 -1.694783
3.033201 -0.015452 -1.694783
3.033201 -0.015452 -1.694783
3.033201 -0.015452 -1.694783
3.033201 -0.015452 -1.694783
3.033201 -0.015452 -1.694783
3.033201 -0.015452 -1.694783
3.033201 -0.015452 -1.694783
3.033201 -0.015452 -1.694783
3.033201 -0.015452 -1.694783
3.033201 -0.015452 -1.694783
3.033201 -0.015452 -1.694783
3.033201 -0.015452 -1.694783
3.033201 -0.015452 -1.694783
3.033201 -0.015452 -1.694783
3.033201 -0.015452 -1.694783
3.033201 -0.015452 -1.694783
3.033201 -0.015452 -1.694783
3.033201 -0.015452 -1.694783
3.033201 -0.015452 -1.694783
3.033201 -0.015452 -1.694783
3.033201 -0.015452 -1.694783
3.033201 -0.015452 -1.694783
3.033201 -0.015452 -1.694783
3.033201 -0.015452 -1.694783
3.033201 -0.015452 -1.694783
3.033201 -0.015452 -1.694783
3.033201 -0.015452 -1.694783
3.033201 -0.015452 -1.694783
3.033201 -0.015452 -1.694783
3.033201 -0.015452 -1.694783
3.033201 -0.015452 -1.694783
3.033201 -0.015452 -1.694783
3.033201 -0.015452 -1.694783
3.033201 -0.015452 -1.694783
3.033201 -0.015452 -1.694783
3.033201 -0.015452 -1.694783
3.033201 -0.015452 -1.694783
3.033201 -0.015452 -1.694783
3.033201 -0.015452 -1.694783
3.033201 -0.015452 -1.694783
3.033201 -0.015452 -1.694783
3.033201 -0.015452 -1.694783
3.033201 -0.015452 -1.694783
3.033201 -0.015452 -1.694783
3.033201 -0.015452 -1.694783
3.033201 -0.015452 -1.694783
3.033201 -0.015452 -1.694783
3.033201 -0.015452 -1.694783
3.033201 -0.015452 -1.694783
3.033201 -0.015452 -1.694783
3.033201 -0.015452 -1.694783
3.033201 -0.015452 -1.694783
3.033201 -0.015452 -1.694783
3.033201 -0.015452 -1.694783
3.033201 -0.015452 -1.694783
3.033201 -0.015452 -1.694783
3.033201 -0.015452 -1.694783
3.033201 -0.015452 -1.694783
3.033201 -0.015452 -1.694783
3.033201 -0.015452 -1.694783
3.033201 -0.015452 -1.694783
3.033201 -0.015452 -1.694783
3.033201 -0.015452 -1.694783
3.033201 -0.015452 -1.694783
3.033201 -0.015452 -1.694783
3.033201 -0.015452 -1.694783
3.033201 -0.015452 -1.694783
3.033201 -0.015452 -1.694783
3.033201 -0.015452 -1.694783
3.033201 -0.015452 -1.694783
3.033201 -0.015452 -1.694783
3.033201 -0.015452 -1.694783
3.033201 -0.015452 -1.694783
3.033201 -0.015452 -1.694783
3.033201 -0.015452 -1.694783
3.033201 -0.015452 -1.694783
3.033201 -0.015452 -1.694783
3.033201 -0.015452 -1.694783
3.033201 -0.015452 -1.694783
3.033201 -0.015452 -1.694783
3.033201 -0.015452 -1.694783
3.033201 -0.015452 -1.694783
3.033201 -0.015452 -1.694783
3.033201 -0.015452 -1.694783
3.033201 -0.015452 -1.694783
3.033201 -0.015452 -1.694783
3.033201 -0.015452 -1.694783
3.033201 -0.015452 -1.694783
3.033201 -0.015452 -1.694783
3.033201 -0.015452 -1.694783
3.033201 -0.015452 -1.694783
3.033201 -0.015452 -1.694783
3.033201 -0.015452 -1.694783
3.033201 -0.015452 -1.694783
3.033201 -0.015452 -1.694783
3.033201 -0.015452 -1.694783
3.033201 -0.015452 -1.694783
3.033201 -0.015452 -1.694783
3.033201 -0.015452 -1.694783
3.033201 -0.015452 -1.694783
3.033201 -0.015452 -1.694783
3.033201 -0.015452 -1.694783
3.033201 -0.015452 -1.694783
3.033201 -0.015452 -1.694783
3.033201 -0.015452 -1.694783
3.033201 -0.015452 -1.694783
3.033201 -0.015452 -1.694783
3.033201 -0.015452 -1.694783
3.033201 -0.015452 -1.694783
3.033201 -0.015452 -1.694783
3.033201 -0.015452 -1.694783
3.033201 -0.015452 -1.694783
3.033201 -0.015452 -1.694783
3.033201 -0.015452 -1.694783
3.033201 -0.015452 -1.694783
3.033201 -0.015452 -1.694783
3.033201 -0.015452 -1.694783
3.033201 -0.015452 -1.694783
3.033201 -0.015452 -1.694783
3.033201 -0.015452 -1.694783
3.033201 -0.015452 -1.694783
3.033201 -0.015452 -1.694783
3.033201 -0.015452 -1.694783
3.033201 -0.015452 -1.694783
3.033201 -0.015452 -1.694783
3.033201 -0.015452 -1.694783
3.033201 -0.015452 -1.694783
3.033201 -0.015452 -1.670748
3.033201 -0.015452 -1.630136
3.033201 -0.015452 -1.565777
3.033201 -0.015452 -1.484840
3.033201 -0.015452 -1.394786
3.033201 -0.015452 -1.316749
3.033201 -0.015452 -1.316749
3.033201 -0.015452 -1.316749
3.033201 -0.015452 -1.266749
3.033201 -0.015452 -1.170479
3.033201 -0.015452 -1.170479
3.033201 -0.015452 -1.135669
3.033201 -0.015452 -1.035669
3.033201 -0.015452 -0.997957
3.033201 -0.015452 -0.954030
3.033201 -0.015452 -0.854030
3.033201 -0.015452 -0.854030
3.033201 -0.015452 -0.854030
3.033201 -0.015452 -0.854030
3.033201 -0.015452 -0.854030
3.033201 -0.015452 -0.854030
3.033201 -0.015452 -0.854030
3.033201 -0.015452 -0.854030
3.033201 -0.015452 -0.854030
3.033201 -0.015452 -0.854030
3.033201 -0.015452 -0.854030
3.033201 -0.015452 -0.854030
3.033201 -0.015452 -0.854030
3.033201 -0.015452 -0.854030
3.033201 -0.015452 -0.854030
3.033201 -0.015452 -0.854030
3.033201 -0.015452 -0.854030
3.033201 -0.015452 -0.854030
3.033201 -0.015452 -0.854030
3.033201 -0.015452 -0.854030
3.033201 -0.015452 -0.854030
3.033201 -0.015452 -0.854030
3.033201 -0.015452 -0.854030
3.033201 -0.015452 -0.854030
3.033201 -0.015452 -0.854030
3.033201 -0.015452 -0.854030
3.033201 -0.015452 -0.854030
3.033201 -0.015452 -0.837455
3.033201 -0.015452 -0.742843
3.033201 -0.015452 -0.741601
3.033201 -0.015452 -0.681800
3.033201 -0.015452 -0.581800
3.033201 -0.015452 -0.556109
3.033201 -0.015452 -0.456109
3.033201 -0.015452 -0.410938
3.033201 -0.015452 -0.310938
3.033201 -0.015452 -0.246579
3.033201 -0.015452 -0.186778
3.033201 -0.015452 -0.186778
3.033201 -0.015452 -0.161086
3.033201 -0.015452 -0.061086
3.033201 -0.015452 -0.061086
3.033201 -0.015452 -0.058187
3.033201 -0.015452 0.027309
3.033201 -0.015452 0.092911
3.033201 -0.015452 0.092911
3.033201 -0.015452 0.092911
3.033201 -0.015452 0.092911
3.033201 -0.015452 0.092911
3.033201 -0.015452 0.092911
3.033201 -0.015452 0.092911
3.033201 -0.015452 0.161829
3.033201 -0.015452 0.161829
3.033201 -0.015452 0.161829
3.033201 -0.015452 0.161829
3.033201 -0.015452 0.161829
3.033201 -0.015452 0.161829
3.033201 -0.015452 0.161829
3.033201 -0.015452 0.161829
3.033201 -0.015452 0.161829
3.033201 -0.015452 0.161829
3.033201 -0.015452 0.161829
3.033201 -0.015452 0.161829
3.033201 -0.015452 0.161829
3.033201 -0.015452 0.161829
3.033201 -0.015452 0.161829
3.033201 -0.015452 0.161829
3.033201 -0.015452 0.161829
3.033201 -0.015452 0.161829
3.033201 -0.015452 0.161829
3.033201 -0.015452 0.161829
3.033201 -0.015452 0.161829
3.033201 -0.015452 0.161829
3.033201 -0.015452 0.161829
3.033201 -0.015452 0.161829
3.033201 -0.015452 0.161829
3.033201 -0.015452 0.161829
3.033201 -0.015452 0.161829
3.033201 -0.015452 0.161829
3.033201 -0.015452 0.161829
3.033201 -0.015452 0.161829
3.033201 -0.015452 0.161829
3.033201 -0.015452 0.161829
3.033201 -0.015452 0.161829
3.033201 -0.015452 0.161829
3.033201 -0.015452 0.161829
3.033201 -0.015452 0.161829
3.033201 -0.015452 0.161829
3.033201 -0.015452 0.161829
3.033201 -0.015452 0.161829
3.033201 -0.015452 0.161829
3.033201 -0.015452 0.161829
3.033201 -0.015452 0.161829
3.033201 -0.015452 0.161829
3.033201 -0.015452 0.161829
3.033201 -0.015452 0.161829
3.033201 -0.015452 0.161829
3.033201 -0.015452 0.161829
3.033201 -0.015452 0.161829
3.033201 -0.015452 0.161829
3.033201 -0.015452 0.161829
3.033201 -0.015452 0.161829
3.033201 -0.015452 0.161829
3.033201 -0.015452 0.161829
3.033201 -0.015452 0.161829
3.033201 -0.015452 0.161829
3.033201 -0.015452 0.161829
3.033201 -0.015452 0.161829
3.033201 -0.015452 0.161829
3.033201 -0.015452 0.161829
3.033201 -0.015452 0.161829
3.033201 -0.015452 0.161829
3.033201 -0.015452 0.161829
3.033201 -0.015452 0.161829
3.033201 -0.015452 0.161829
3.033201 -0.015452 0.161829
3.033201 -0.015452 0.161829
3.033201 -0.015452 0.161829
3.033201 -0.015452 0.161829
3.033201 -0.015452 0.161829
3.033201 -0.015452 0.161829
3.033201 -0.015452 0.161829
3.033201 -0.015452 0.161829
3.033201 -0.015452 0.161829
3.033201 -0.015452 0.161829
3.033201 -0.015452 0.161829
3.033201 -0.015452 0.161829
3.033201 -0.015452 0.161829
3.033201 -0.015452 0.161829
3.033201 -0.015452 0.161829
3.033201 -0.015452 0.161829
3.033201 -0.015452 0.161829
3.033201 -0.015452 0.161829
3.033201 -0.015452 0.161829
3.033201 -0.015452 0.161829
3.033201 -0.015452 0.161829
3.033201 -0.015452 0.161829
3.033201 -0.015452 0.161829
3.033201 -0.015452 0.161829
3.033201 -0.015452 0.161829
3.033201 -0.015452 0.161829
3.033201 -0.015452 0.161829
3.033201 -0.015452 0.161829
3.033201 -0.015452 0.161829
3.033201 -0.015452 0.161829
3.033201 -0.015452 0.161829
3.033201 -0.015452 0.161829
3.033201 -0.015452 0.161829
3.033201 -0.015452 0.161829
3.033201 -0.015452 0.161829
3.033201 -0.015452 0.161829
3.033201 -0.015452 0.161829
3.033201 -0.015452 0.161829
3.033201 -0.015452 0.161829
3.033201 -0.015452 0.161829
3.033201 -0.015452 0.161829
3.033201 -0.015452 0.161829
3.033201 -0.015452 0.161829
3.033201 -0.015452 0.161829
3.033201 -0.015452 0.161829
3.033201 -0.015452 0.161829
3.033201 -0.015452 0.161829
3.033201 -0.015452 0.161829
3.033201 -0.015452 0.161829
3.033201 -0.015452 0.161829
3.033201 -0.015452 0.161829
3.033201 -0.015452 0.161829
3.033201 -0.015452 0.161829
3.033201 -0.015452 0.161829
3.033201 -0.015452 0.161829
3.033201 -0.015452 0.161829
3.033201 -0.015452 0.161829
3.033201 -0.015452 0.161829
3.033201 -0.015452 0.161829
3.033201 -0.015452 0.161829
3.033201 -0.015452 0.161829
3.033201 -0.015452 0.161829
3.033201 -0.015452 0.161829
3.033201 -0.015452 0.161829
3.033201 -0.015452 0.161829
3.033201 -0.015452 0.161829
3.033201 -0.015452 0.161829
3.033201 -0.015452 0.161829
3.033201 -0.015452 0.161829
3.033201 -0.015452 0.161829
3.033201 -0.015452 0.161829
3.033201 -0.015452 0.161829
3.033201 -0.015452 0.161829
3.033201 -0.015452 0.161829
