3.138451 -0.045157 -1.709567
3.138451 -0.045157 -1.709567
3.138451 -0.045157 -1.709567
3.138451 -0.045157 -1.709567
3.138451 -0.045157 -1.709567
3.138451 -0.045157 -1.709567
3.168975 -0.039597 -1.709567
3.193671 0.007567 -1.709567
3.193671 0.058892 -1.709567
3.172309 0.060291 -1.709567
3.120991 0.042258 -1.709567
3.060521 -0.050665 -1.709567
3.017523 -0.150665 -1.709567
3.017523 -0.250665 -1.659567
3.094644 -0.325284 -1.559567
3.194644 -0.325284 -1.459567
3.245968 -0.225698 -1.359567
3.159702 -0.150241 -1.259567
3.059702 -0.189079 -1.159567
3.013376 -0.289079 -1.059567
3.043899 -0.389079 -0.959567
3.143899 -0.396296 -0.859567
3.243899 -0.343308 -0.759567
3.243899 -0.243308 -0.659567
3.143899 -0.243308 -0.559567
3.079269 -0.334566 -0.459567
3.168870 -0.394205 -0.359567
3.245991 -0.309596 -0.259567
3.166380 -0.225819 -0.159567
3.066380 -0.225819 -0.059567
3.003414 -0.302101 0.040433
3.103414 -0.311815 0.140433
3.203414 -0.262986 0.240433
3.300503 -0.198349 0.340433
3.300503 -0.198349 0.440433
3.300503 -0.198349 0.540433
3.300503 -0.198349 0.540433
3.300503 -0.198349 0.540433
3.300503 -0.198349 0.540433
3.200503 -0.213055 0.540433
3.100503 -0.234416 0.540433
3.000503 -0.263267 0.540433
2.900503 -0.297112 0.540433
2.800503 -0.343438 0.540433
2.700503 -0.389764 0.540433
2.600503 -0.436090 0.540433
2.500503 -0.407233 0.540433
2.420893 -0.321792 0.590433
2.380391 -0.251328 0.690433
2.380391 -0.251328 0.690433
2.380391 -0.251328 0.790433
2.389279 -0.219972 0.846089
2.389279 -0.219972 0.846089
2.389279 -0.219972 0.846089
2.389279 -0.219972 0.846089
2.389279 -0.219972 0.846089
2.389279 -0.219972 0.846089
2.389279 -0.219972 0.846089
2.389279 -0.219972 0.846089
2.389279 -0.219972 0.846089
2.389279 -0.219972 0.846089
2.389279 -0.219972 0.846089
2.389279 -0.219972 0.846089
2.389279 -0.219972 0.846089
2.389279 -0.219972 0.846089
2.389279 -0.219972 0.846089
2.389279 -0.219972 0.846089
2.389279 -0.219972 0.846089
2.389279 -0.219972 0.846089
2.389279 -0.219972 0.846089
2.389279 -0.219972 0.846089
