3.138451 -0.045157 -1.709567
3.138451 -0.045157 -1.709567
3.138451 -0.045157 -1.709567
3.138451 -0.045157 -1.709567
3.138451 -0.045157 -1.709567
3.138451 -0.045157 -1.709567
3.138451 -0.045157 -1.709567
3.138451 -0.045157 -1.709567
3.138451 -0.045157 -1.709567
3.138451 -0.045157 -1.709567
3.138451 -0.045157 -1.709567
3.138451 -0.045157 -1.709567
3.138451 -0.045157 -1.709567
3.138451 -0.045157 -1.709567
3.138451 -0.045157 -1.709567
3.138451 -0.045157 -1.709567
3.138451 -0.045157 -1.709567
3.138451 -0.045157 -1.709567
3.138451 -0.045157 -1.709567
3.138451 -0.045157 -1.709567
3.138451 -0.045157 -1.709567
3.138451 -0.045157 -1.709567
3.138451 -0.045157 -1.709567
3.138451 -0.045157 -1.709567
3.138451 -0.045157 -1.709567
3.138451 -0.045157 -1.709567
3.138451 -0.045157 -1.709567
3.138451 -0.045157 -1.709567
3.138451 -0.045157 -1.709567
3.138451 -0.045157 -1.709567
3.138451 -0.045157 -1.709567
3.138451 -0.045157 -1.709567
3.138451 -0.045157 -1.709567
3.138451 -0.045157 -1.709567
3.138451 -0.045157 -1.709567
3.138451 -0.045157 -1.709567
3.138451 -0.045157 -1.709567
3.138451 -0.045157 -1.709567
3.138451 -0.045157 -1.709567
3.138451 -0.045157 -1.709567
3.138451 -0.045157 -1.709567
3.138451 -0.045157 -1.709567
3.138451 -0.045157 -1.709567
3.138451 -0.045157 -1.709567
3.138451 -0.045157 -1.709567
3.138451 -0.045157 -1.709567
3.138451 -0.045157 -1.709567
3.138451 -0.045157 -1.709567
3.138451 -0.045157 -1.709567
3.138451 -0.045157 -1.709567
3.138451 -0.045157 -1.709567
3.138451 -0.045157 -1.709567
3.138451 -0.045157 -1.709567
3.138451 -0.045157 -1.709567
3.138451 -0.045157 -1.709567
3.138451 -0.045157 -1.709567
3.138451 -0.045157 -1.709567
3.138451 -0.045157 -1.709567
3.138451 -0.045157 -1.709567
3.138451 -0.045157 -1.709567
3.138451 -0.045157 -1.709567
3.138451 -0.045157 -1.709567
3.138451 -0.045157 -1.709567
3.138451 -0.045157 -1.709567
3.138451 -0.045157 -1.709567
3.138451 -0.045157 -1.709567
3.138451 -0.045157 -1.709567
3.138451 -0.045157 -1.709567
3.138451 -0.045157 -1.709567
3.138451 -0.045157 -1.709567
3.138451 -0.045157 -1.709567
3.138451 -0.045157 -1.709567
3.138451 -0.045157 -1.709567
3.138451 -0.045157 -1.709567
3.138451 -0.045157 -1.709567
3.138451 -0.045157 -1.709567
3.138451 -0.045157 -1.709567
3.138451 -0.045157 -1.709567
3.138451 -0.045157 -1.709567
3.138451 -0.045157 -1.709567
3.138451 -0.045157 -1.709567
3.138451 -0.045157 -1.709567
3.138451 -0.045157 -1.709567
3.138451 -0.045157 -1.709567
3.138451 -0.045157 -1.709567
3.138451 -0.045157 -1.709567
3.147339 -0.045157 -1.709567
3.186183 -0.045157 -1.709567
3.235011 -0.045157 -1.709567
3.292992 -0.045157 -1.709567
3.359297 -0.045157 -1.709567
3.431425 -0.045157 -1.709567
3.431425 -0.045157 -1.709567
3.431425 -0.045157 -1.709567
3.431425 -0.045157 -1.709567
3.431425 -0.045157 -1.709567
3.446969 -0.045157 -1.709567
3.467505 -0.045157 -1.709567
3.489706 -0.045157 -1.709567
3.520230 -0.045157 -1.709567
3.554914 -0.045157 -1.709567
3.595422 -0.045157 -1.709567
3.645082 -0.045157 -1.709567
3.700567 -0.045157 -1.709567
3.758548 -0.045157 -1.709567
3.818193 -0.045157 -1.709567
3.878670 -0.045157 -1.709567
3.878670 -0.045157 -1.709567
3.942475 -0.045157 -1.709567
4.018763 -0.045157 -1.709567
4.116685 -0.045157 -1.709567
4.116685 -0.045157 -1.709567
4.206286 -0.045157 -1.709567
4.206286 -0.045157 -1.709567
4.206286 -0.045157 -1.709567
4.262603 -0.045157 -1.709567
4.362603 -0.045157 -1.709567
4.362603 -0.045157 -1.709567
4.378979 -0.045157 -1.709567
4.453604 -0.045157 -1.709567
4.453604 -0.045157 -1.709567
4.453604 -0.045157 -1.709567
4.553604 -0.045157 -1.709567
4.553604 -0.045157 -1.709567
4.553604 -0.045157 -1.709567
4.563323 -0.045157 -1.709567
4.652093 -0.045157 -1.709567
4.652093 -0.045157 -1.709567
4.652093 -0.045157 -1.709567
4.652093 -0.045157 -1.709567
4.652093 -0.045157 -1.709567
4.652093 -0.045157 -1.709567
4.652093 -0.045157 -1.709567
4.652093 -0.045157 -1.709567
4.652093 -0.045157 -1.709567
4.652093 -0.045157 -1.709567
4.652093 -0.045157 -1.709567
4.652093 -0.045157 -1.709567
4.652093 -0.045157 -1.709567
4.652093 -0.045157 -1.709567
4.652093 -0.045157 -1.709567
4.629067 -0.045157 -1.709567
4.601049 -0.045157 -1.709567
4.556387 -0.045157 -1.709567
4.510061 -0.045157 -1.709567
4.452918 -0.045157 -1.709567
4.384124 -0.046550 -1.709567
4.287873 -0.054599 -1.709567
4.287873 -0.054599 -1.709567
4.187873 -0.065145 -1.709567
4.187873 -0.065145 -1.709567
4.102439 -0.075690 -1.709567
4.102439 -0.075690 -1.709567
4.033645 -0.082075 -1.709567
4.033645 -0.082075 -1.709567
3.977334 -0.091789 -1.709567
3.905212 -0.097342 -1.709567
3.905212 -0.097342 -1.709567
3.805212 -0.122864 -1.709567
3.805212 -0.122864 -1.709567
3.705212 -0.148386 -1.709567
3.705212 -0.148386 -1.709567
3.673031 -0.148386 -1.709567
3.573031 -0.173076 -1.709567
3.573031 -0.173076 -1.709567
3.473031 -0.194438 -1.709567
3.473031 -0.194438 -1.709567
3.373031 -0.211640 -1.709567
3.373031 -0.211640 -1.709567
3.373031 -0.211640 -1.709567
3.273031 -0.217193 -1.709567
3.273031 -0.217193 -1.709567
3.215888 -0.217193 -1.709567
3.172059 -0.217193 -1.709567
3.172059 -0.217193 -1.709567
3.172059 -0.217193 -1.709567
3.172059 -0.217193 -1.709567
3.167337 -0.217193 -1.709567
3.167337 -0.217193 -1.709567
3.167337 -0.217193 -1.709567
3.167337 -0.217193 -1.709567
3.167337 -0.217193 -1.709567
3.167337 -0.217193 -1.709567
3.167337 -0.217193 -1.709567
3.167337 -0.217193 -1.709567
3.167337 -0.217193 -1.709567
3.167337 -0.215793 -1.709567
3.167337 -0.211066 -1.709567
3.167337 -0.184705 -1.709567
3.167337 -0.138373 -1.709567
3.167337 -0.073736 -1.709567
3.167337 -0.004103 -1.709567
3.167337 0.077178 -1.709567
3.167337 0.167611 -1.709567
3.167337 0.267611 -1.709567
3.167337 0.267611 -1.709567
3.167337 0.267611 -1.709567
3.168737 0.337243 -1.709567
3.168737 0.337243 -1.709567
3.168737 0.373591 -1.709567
3.168737 0.442392 -1.709567
3.168737 0.442392 -1.709567
3.168737 0.497877 -1.709567
3.168737 0.558354 -1.709567
3.168737 0.558354 -1.709567
3.168737 0.647955 -1.709567
3.168737 0.647955 -1.709567
3.168737 0.647955 -1.709567
3.168737 0.647955 -1.709567
3.168737 0.647955 -1.709567
3.168737 0.647955 -1.709567
3.168737 0.647955 -1.709567
3.168737 0.618273 -1.709567
3.168737 0.518273 -1.709567
3.168737 0.518273 -1.709567
3.168737 0.495247 -1.709567
3.168737 0.399828 -1.709567
3.168737 0.399828 -1.709567
3.168737 0.355166 -1.709567
3.168737 0.313000 -1.709567
3.168737 0.313000 -1.709567
3.155695 0.246702 -1.709567
3.127677 0.146702 -1.709567
3.127677 0.146702 -1.709567
3.127677 0.146702 -1.709567
3.127677 0.146702 -1.709567
3.127677 0.146702 -1.709567
3.107979 0.062099 -1.709567
3.107979 -0.007527 -1.709567
3.107979 -0.007527 -1.709567
3.079961 -0.107527 -1.709567
3.079961 -0.107527 -1.709567
3.079961 -0.133049 -1.709567
3.079961 -0.218483 -1.709567
3.079961 -0.218483 -1.709567
3.052775 -0.318483 -1.709567
3.052775 -0.318483 -1.709567
3.018098 -0.418483 -1.709567
3.018098 -0.418483 -1.709567
3.002560 -0.477290 -1.709567
2.997839 -0.557732 -1.709567
2.997839 -0.557732 -1.709567
2.956505 -0.657732 -1.709567
2.956505 -0.657732 -1.709567
2.900195 -0.748991 -1.709567
2.900195 -0.748991 -1.709567
2.845549 -0.840250 -1.709567
2.845549 -0.840250 -1.709567
2.845549 -0.840250 -1.709567
2.845549 -0.840250 -1.709567
2.845549 -0.840250 -1.709567
2.845549 -0.840250 -1.709567
2.845549 -0.840250 -1.709567
2.845549 -0.840250 -1.709567
2.845549 -0.840250 -1.709567
2.856932 -0.775613 -1.709567
2.874973 -0.686012 -1.709567
2.874973 -0.686012 -1.709567
2.874973 -0.686012 -1.709567
2.874973 -0.600570 -1.709567
2.874973 -0.600570 -1.709567
2.874973 -0.500570 -1.709567
2.874973 -0.500570 -1.709567
2.874973 -0.400570 -1.709567
2.874973 -0.400570 -1.709567
2.874973 -0.304313 -1.709567
2.874973 -0.304313 -1.709567
2.874973 -0.228024 -1.709567
2.874973 -0.228024 -1.709567
2.875540 -0.182524 -1.709567
2.875540 -0.182524 -1.709567
2.875540 -0.182524 -1.709567
2.875540 -0.182524 -1.709567
2.875540 -0.182524 -1.709567
2.875540 -0.182524 -1.709567
2.875540 -0.182524 -1.709567
2.875540 -0.182524 -1.709567
2.875540 -0.131199 -1.709567
2.875540 -0.131199 -1.709567
2.875540 -0.131199 -1.709567
2.875540 -0.131199 -1.709567
2.876108 -0.082371 -1.709567
2.881667 -0.002754 -1.709567
2.881667 -0.002754 -1.709567
2.881667 -0.002754 -1.709567
2.881667 -0.002754 -1.709567
2.881667 -0.002754 -1.709567
2.881667 -0.002754 -1.709567
2.954628 0.001142 -1.709567
3.047557 0.014190 -1.709567
3.047557 0.014190 -1.709567
3.047557 0.014190 -1.709567
3.047557 0.014190 -1.709567
3.047557 0.014190 -1.709567
3.047557 0.014190 -1.709567
3.047557 0.014190 -1.709567
3.047557 0.014190 -1.709567
3.047557 0.014190 -1.709567
3.047557 0.014190 -1.709567
3.047557 0.014190 -1.709567
3.047557 0.014190 -1.690092
3.047557 0.014190 -1.649480
3.047557 0.014190 -1.599480
3.047557 0.014190 -1.538436
3.047557 0.014190 -1.468275
3.047557 0.014190 -1.393554
3.047557 0.014190 -1.314274
3.047557 0.014190 -1.233337
3.047557 0.014190 -1.150742
3.047557 0.014190 -1.065247
3.047557 0.014190 -1.065247
3.047557 0.014190 -0.975192
3.047557 0.014190 -0.883481
3.047557 0.014190 -0.790526
3.047557 0.014190 -0.790526
3.047557 0.014190 -0.695913
3.047557 0.014190 -0.598399
3.047557 0.014190 -0.500886
3.047557 0.014190 -0.500886
3.047557 0.014190 -0.500886
3.047557 0.014190 -0.401715
3.047557 0.014190 -0.401715
3.047557 0.014190 -0.401715
3.047557 0.014190 -0.401715
3.047557 0.014190 -0.401715
3.047557 0.014190 -0.401715
3.047557 0.014190 -0.401715
3.047557 0.014190 -0.401715
3.047557 0.014190 -0.401715
3.047557 0.014190 -0.401715
3.047557 0.014190 -0.310003
3.047557 0.014190 -0.310003
3.047557 0.014190 -0.310003
3.047557 0.014190 -0.310003
3.047557 0.014190 -0.310003
3.047557 0.014190 -0.305446
3.047557 0.014190 -0.267735
3.047557 0.014190 -0.215808
3.047557 0.014190 -0.153106
3.047557 0.014190 -0.153106
3.047557 0.014190 -0.153106
3.047557 0.014190 -0.153106
3.047557 0.014190 -0.153106
3.047557 0.014190 -0.153106
3.047557 0.014190 -0.153106
3.047557 0.014190 -0.153106
3.047557 0.014190 -0.153106
3.047557 0.014190 -0.153106
3.047557 0.014190 -0.153106
3.047557 0.014190 -0.153106
3.047557 0.014190 -0.153106
3.047557 0.014190 -0.153106
3.047557 0.014190 -0.153106
3.047557 0.014190 -0.153106
3.037844 0.014190 -0.153106
3.027298 0.014190 -0.153106
3.014257 0.014190 -0.153106
2.993727 0.014190 -0.153106
2.960714 0.014190 -0.153106
2.916884 0.014190 -0.153106
2.869726 0.014190 -0.153106
2.820072 0.014190 -0.153106
2.767921 0.014190 -0.153106
2.720763 0.014190 -0.153106
2.720763 0.014190 -0.153106
2.720763 0.014190 -0.153106
2.720763 0.014190 -0.153106
2.720763 0.014190 -0.153106
2.720763 0.014190 -0.153106
2.720763 0.014190 -0.153106
2.720763 0.014190 -0.153106
2.720763 0.014190 -0.153106
2.720763 0.014190 -0.153106
2.720763 0.014190 -0.153106
2.720763 0.014190 -0.153106
2.740468 0.014190 -0.153106
2.779312 0.014190 -0.153106
2.833132 0.014190 -0.153106
2.896937 0.014190 -0.153106
2.961574 0.014190 -0.153106
2.961574 0.014190 -0.153106
3.027879 0.014190 -0.153106
3.098343 0.014190 -0.153106
3.177128 0.014190 -0.153106
3.272554 0.014190 -0.153106
3.372554 0.014190 -0.153106
3.372554 0.014190 -0.153106
3.372554 0.014190 -0.153106
3.432198 0.014190 -0.153106
3.432198 0.014190 -0.153106
3.432198 0.014190 -0.153106
3.432198 0.014190 -0.153106
3.432198 0.014190 -0.153106
3.432198 0.014190 -0.153106
3.432198 0.014190 -0.153106
3.432198 0.014190 -0.153106
3.432198 0.014190 -0.153106
3.432198 0.014190 -0.153106
3.432198 0.014190 -0.153106
3.432198 0.014190 -0.153106
3.432198 0.014190 -0.153106
3.432198 0.014190 -0.153106
3.432198 0.014190 -0.153106
3.432198 0.014190 -0.153106
3.432198 0.014190 -0.153106
3.432198 0.014190 -0.153106
3.432198 0.014190 -0.153106
3.432198 0.014190 -0.153106
3.432198 0.014190 -0.153106
3.432198 0.014190 -0.153106
3.432198 0.014190 -0.153106
3.432198 0.014190 -0.153106
3.432198 0.014190 -0.153106
3.432198 0.014190 -0.153106
3.432198 0.014190 -0.153106
3.432198 0.014190 -0.153106
3.432198 0.014190 -0.153106
3.432198 0.014190 -0.153106
3.432198 0.014190 -0.153106
3.432198 0.014190 -0.153106
3.432198 0.014190 -0.153106
3.432198 0.014190 -0.153106
3.432198 0.014190 -0.153106
3.432198 0.014190 -0.153106
3.432198 0.014190 -0.153106
3.432198 0.014190 -0.153106
3.432198 0.014190 -0.153106
3.432198 0.014190 -0.153106
3.432198 0.014190 -0.153106
3.432198 0.014190 -0.153106
3.432198 0.014190 -0.153106
3.432198 0.014190 -0.153106
3.432198 0.014190 -0.153106
3.432198 0.014190 -0.153106
3.432198 0.014190 -0.153106
3.432198 0.014190 -0.153106
3.432198 0.014190 -0.153106
3.432198 0.014190 -0.153106
3.432198 0.014190 -0.153106
3.432198 0.014190 -0.153106
3.432198 0.014190 -0.153106
3.432198 0.014190 -0.153106
3.432198 0.014190 -0.153106
3.432198 0.014190 -0.153106
3.432198 0.014190 -0.153106
3.432198 0.014190 -0.153106
3.432198 0.014190 -0.153106
3.432198 0.014190 -0.153106
3.432198 0.014190 -0.153106
3.432198 0.014190 -0.153106
3.432198 0.014190 -0.153106
3.432198 0.014190 -0.153106
3.432198 0.014190 -0.153106
3.432198 0.014190 -0.153106
3.432198 0.014190 -0.153106
3.432198 0.014190 -0.153106
3.432198 0.014190 -0.153106
3.432198 0.014190 -0.153106
