3.138448 -0.045156 -1.709571
3.138448 -0.045156 -1.709571
3.138448 -0.045156 -1.709571
3.138448 -0.045156 -1.709571
3.138448 -0.045156 -1.709571
3.138448 -0.045156 -1.709571
3.138448 -0.045156 -1.709571
3.138448 -0.045156 -1.709571
3.138448 -0.045156 -1.709571
3.138448 -0.045156 -1.709571
3.138448 -0.045156 -1.709571
3.138448 -0.045156 -1.709571
3.138448 -0.045156 -1.709571
3.138448 -0.045156 -1.709571
3.138448 -0.045156 -1.709571
3.138448 -0.045156 -1.709571
3.138448 -0.045156 -1.709571
3.138448 -0.045156 -1.709571
3.138448 -0.045156 -1.709571
3.138448 -0.045156 -1.709571
3.138448 -0.045156 -1.709571
3.138448 -0.045156 -1.709571
3.138448 -0.045156 -1.709571
3.138448 -0.045156 -1.709571
3.138448 -0.045156 -1.709571
3.138448 -0.045156 -1.709571
3.138448 -0.045156 -1.709571
3.138448 -0.045156 -1.709571
3.138448 -0.045156 -1.709571
3.138448 -0.045156 -1.709571
3.138448 -0.045156 -1.709571
3.138448 -0.045156 -1.709571
3.138448 -0.045156 -1.709571
3.138448 -0.045156 -1.709571
3.138448 -0.045156 -1.709571
3.138448 -0.045156 -1.709571
3.138448 -0.045156 -1.709571
3.138448 -0.045156 -1.709571
3.138448 -0.045156 -1.709571
3.138448 -0.045156 -1.709571
3.138448 -0.045156 -1.709571
3.138448 -0.045156 -1.709571
3.138448 -0.045156 -1.709571
3.138448 -0.045156 -1.709571
3.138448 -0.045156 -1.709571
3.138448 -0.045156 -1.709571
3.138448 -0.045156 -1.709571
3.138448 -0.045156 -1.709571
3.138448 -0.045156 -1.709571
3.138448 -0.045156 -1.709571
3.138448 -0.045156 -1.709571
3.138448 -0.045156 -1.709571
3.138448 -0.045156 -1.709571
3.138448 -0.045156 -1.709571
3.138448 -0.045156 -1.709571
3.138448 -0.045156 -1.709571
3.138448 -0.045156 -1.709571
3.138448 -0.045156 -1.709571
3.138448 -0.045156 -1.709571
3.138448 -0.045156 -1.709571
3.138448 -0.045156 -1.709571
3.138448 -0.045156 -1.709571
3.138448 -0.045156 -1.709571
3.138448 -0.045156 -1.709571
3.138448 -0.045156 -1.709571
3.138448 -0.045156 -1.709571
3.138448 -0.045156 -1.709571
3.138448 -0.045156 -1.709571
3.138448 -0.045156 -1.709571
3.138448 -0.045156 -1.709571
3.138448 -0.045156 -1.709571
3.138448 -0.045156 -1.709571
3.138448 -0.045156 -1.709571
3.138448 -0.045156 -1.709571
3.138448 -0.045156 -1.709571
3.138448 -0.045156 -1.709571
3.138448 -0.045156 -1.709571
3.138448 -0.045156 -1.709571
3.138448 -0.045156 -1.709571
3.138448 -0.045156 -1.709571
3.138448 -0.045156 -1.709571
3.138448 -0.045156 -1.709571
3.138448 -0.045156 -1.709571
3.138448 -0.045156 -1.709571
3.138448 -0.045156 -1.709571
3.138448 -0.045156 -1.709571
3.138448 -0.045156 -1.709571
3.138448 -0.045156 -1.709571
3.138448 -0.045156 -1.709571
3.138448 -0.045156 -1.709571
3.138448 -0.045156 -1.709571
3.138448 -0.045156 -1.709571
3.138448 -0.045156 -1.709571
3.138448 -0.045156 -1.709571
3.138448 -0.045156 -1.709571
3.138448 -0.045156 -1.709571
3.138448 -0.045156 -1.709571
3.138448 -0.045156 -1.709571
3.138448 -0.045156 -1.709571
3.138448 -0.045156 -1.709571
3.138448 -0.045156 -1.709571
3.138448 -0.045156 -1.709571
3.138448 -0.045156 -1.709571
3.138448 -0.045156 -1.709571
3.138448 -0.045156 -1.709571
3.138448 -0.045156 -1.709571
3.138448 -0.045156 -1.709571
3.138448 -0.045156 -1.709571
3.138448 -0.045156 -1.709571
3.138448 -0.045156 -1.709571
3.138448 -0.045156 -1.709571
3.138448 -0.045156 -1.709571
3.138448 -0.045156 -1.709571
3.138448 -0.045156 -1.709571
3.138448 -0.045156 -1.709571
3.138448 -0.045156 -1.709571
3.138448 -0.045156 -1.709571
3.138448 -0.045156 -1.709571
3.138448 -0.045156 -1.709571
3.138448 -0.045156 -1.709571
3.138448 -0.045156 -1.709571
3.138448 -0.045156 -1.709571
3.138448 -0.045156 -1.709571
3.138448 -0.045156 -1.709571
3.138448 -0.045156 -1.709571
3.138448 -0.045156 -1.709571
3.138448 -0.045156 -1.709571
3.138448 -0.045156 -1.709571
3.138448 -0.045156 -1.709571
3.138448 -0.045156 -1.709571
3.138448 -0.045156 -1.709571
3.138448 -0.045156 -1.709571
3.138448 -0.045156 -1.709571
3.138448 -0.045156 -1.709571
3.138448 -0.045156 -1.709571
3.138448 -0.045156 -1.709571
3.138448 -0.045156 -1.709571
3.138448 -0.045156 -1.709571
3.138448 -0.045156 -1.709571
3.138448 -0.045156 -1.709571
3.138448 -0.045156 -1.709571
3.138448 -0.045156 -1.709571
3.138448 -0.045156 -1.709571
3.138448 -0.045156 -1.709571
3.138448 -0.045156 -1.709571
3.138448 -0.045156 -1.709571
3.138448 -0.045156 -1.709571
3.138448 -0.045156 -1.709571
3.138448 -0.045156 -1.709571
3.138448 -0.045156 -1.709571
3.138448 -0.045156 -1.709571
3.138448 -0.045156 -1.709571
3.051975 -0.032931 -1.712948
3.051975 -0.032931 -1.712948
3.051975 -0.032931 -1.712948
2.965573 -0.020460 -1.715256
2.965573 -0.020460 -1.715256
2.965573 -0.020460 -1.715256
2.965573 -0.020460 -1.715256
2.879215 -0.007837 -1.716479
2.879215 -0.007837 -1.716479
2.879215 -0.007837 -1.716479
2.879215 -0.007837 -1.716479
2.879215 -0.007837 -1.716479
2.879215 -0.007837 -1.716479
2.879215 -0.007837 -1.716479
2.792875 0.004845 -1.716608
2.792875 0.004845 -1.716608
2.792875 0.004845 -1.716608
2.792875 0.004845 -1.716608
2.792875 0.004845 -1.716608
2.792875 0.004845 -1.716608
2.792875 0.004845 -1.716608
2.792875 0.004845 -1.716608
2.792875 0.004845 -1.716608
2.792875 0.004845 -1.716608
2.792875 0.004845 -1.716608
2.792875 0.004845 -1.716608
2.792875 0.004845 -1.716608
2.792875 0.004845 -1.716608
2.706523 0.017490 -1.715643
2.706523 0.017490 -1.715643
2.706523 0.017490 -1.715643
2.706523 0.017490 -1.715643
2.706523 0.017490 -1.715643
2.706523 0.017490 -1.715643
2.706523 0.017490 -1.715643
2.706523 0.017490 -1.715643
2.706523 0.017490 -1.715643
2.706523 0.017490 -1.715643
2.706523 0.017490 -1.715643
2.706523 0.017490 -1.715643
2.706523 0.017490 -1.715643
2.706523 0.017490 -1.715643
2.706523 0.017490 -1.715643
2.706523 0.017490 -1.715643
2.706523 0.017490 -1.715643
2.706523 0.017490 -1.715643
2.706523 0.017490 -1.715643
2.706523 0.017490 -1.715643
2.706523 0.017490 -1.715643
2.706523 0.017490 -1.715643
2.706523 0.017490 -1.715643
2.706523 0.017490 -1.715643
2.706523 0.017490 -1.715643
2.706523 0.017490 -1.715643
2.706523 0.017490 -1.715643
2.706523 0.017490 -1.715643
2.706523 0.017490 -1.715643
2.706523 0.017490 -1.715643
2.706523 0.017490 -1.715643
2.706523 0.017490 -1.715643
2.706523 0.017490 -1.715643
2.706523 0.017490 -1.715643
2.706523 0.017490 -1.715643
2.706523 0.017490 -1.715643
2.706523 0.017490 -1.715643
2.706523 0.017490 -1.715643
2.706523 0.017490 -1.715643
2.706523 0.017490 -1.715643
2.706523 0.017490 -1.715643
2.706523 0.017490 -1.715643
2.706523 0.017490 -1.715643
2.706523 0.017490 -1.715643
2.706523 0.017490 -1.715643
2.706523 0.017490 -1.715643
2.706523 0.017490 -1.715643
2.706523 0.017490 -1.715643
2.706523 0.017490 -1.715643
2.706523 0.017490 -1.715643
2.706523 0.017490 -1.715643
2.706523 0.017490 -1.715643
2.706523 0.017490 -1.715643
2.693913 -0.068861 -1.715967
2.693913 -0.068861 -1.715967
2.693913 -0.068861 -1.715967
2.693913 -0.068861 -1.715967
2.681151 -0.155202 -1.717396
2.681151 -0.155202 -1.717396
2.681151 -0.155202 -1.717396
2.681151 -0.155202 -1.717396
2.681151 -0.155202 -1.717396
2.681151 -0.155202 -1.717396
2.681151 -0.155202 -1.717396
2.681151 -0.155202 -1.717396
2.668039 -0.241517 -1.719982
2.668039 -0.241517 -1.719982
2.668039 -0.241517 -1.719982
2.668039 -0.241517 -1.719982
2.668039 -0.241517 -1.719982
2.681151 -0.155202 -1.717396
2.681151 -0.155202 -1.717396
2.681151 -0.155202 -1.717396
2.681151 -0.155202 -1.717396
2.681151 -0.155202 -1.717396
2.681151 -0.155202 -1.717396
2.681151 -0.155202 -1.717396
2.681151 -0.155202 -1.717396
2.681151 -0.155202 -1.717396
2.681151 -0.155202 -1.717396
2.681151 -0.155202 -1.717396
2.681151 -0.155202 -1.717396
2.681151 -0.155202 -1.717396
2.668039 -0.241517 -1.719982
2.668039 -0.241517 -1.719982
2.654356 -0.327791 -1.723828
2.654356 -0.327791 -1.723828
2.639844 -0.414004 -1.729093
2.639844 -0.414004 -1.729093
2.624187 -0.500133 -1.736010
2.624187 -0.500133 -1.736010
2.624187 -0.500133 -1.736010
2.606980 -0.586149 -1.744911
2.606980 -0.586149 -1.744911
2.606980 -0.586149 -1.744911
2.587686 -0.672012 -1.756275
2.587686 -0.672012 -1.756275
2.587686 -0.672012 -1.756275
2.587686 -0.672012 -1.756275
2.587686 -0.672012 -1.756275
2.587686 -0.672012 -1.756275
2.587686 -0.672012 -1.756275
2.587686 -0.672012 -1.756275
2.587686 -0.672012 -1.756275
2.587686 -0.672012 -1.756275
2.606980 -0.586149 -1.744911
2.606980 -0.586149 -1.744911
2.624187 -0.500133 -1.736010
2.624187 -0.500133 -1.736010
2.624187 -0.500133 -1.736010
2.624187 -0.500133 -1.736010
2.624187 -0.500133 -1.736010
2.624187 -0.500133 -1.736010
2.624187 -0.500133 -1.736010
2.606980 -0.586149 -1.744911
2.606980 -0.586149 -1.744911
2.606980 -0.586149 -1.744911
2.587686 -0.672012 -1.756275
2.587686 -0.672012 -1.756275
2.587686 -0.672012 -1.756275
2.587686 -0.672012 -1.756275
2.587686 -0.672012 -1.756275
2.587686 -0.672012 -1.756275
2.587686 -0.672012 -1.756275
2.587686 -0.672012 -1.756275
2.587686 -0.672012 -1.756275
2.565558 -0.757667 -1.770793
2.565558 -0.757667 -1.770793
2.565558 -0.757667 -1.770793
2.565558 -0.757667 -1.770793
2.565558 -0.757667 -1.770793
2.565558 -0.757667 -1.770793
2.565558 -0.757667 -1.770793
2.565558 -0.757667 -1.770793
2.565558 -0.757667 -1.770793
2.565558 -0.757667 -1.770793
2.565558 -0.757667 -1.770793
2.565558 -0.757667 -1.770793
2.565558 -0.757667 -1.770793
2.565558 -0.757667 -1.770793
2.565558 -0.757667 -1.770793
2.565558 -0.757667 -1.770793
2.565558 -0.757667 -1.770793
2.565558 -0.757667 -1.770793
2.565558 -0.757667 -1.770793
2.565558 -0.757667 -1.770793
2.565558 -0.757667 -1.770793
2.565558 -0.757667 -1.770793
2.565558 -0.757667 -1.770793
2.565558 -0.757667 -1.770793
2.565558 -0.757667 -1.770793
2.565558 -0.757667 -1.770793
2.565558 -0.757667 -1.770793
2.565558 -0.757667 -1.770793
2.565558 -0.757667 -1.770793
2.565558 -0.757667 -1.770793
2.565558 -0.757667 -1.770793
2.565558 -0.757667 -1.770793
2.565558 -0.757667 -1.770793
2.565558 -0.757667 -1.770793
2.565558 -0.757667 -1.770793
2.565558 -0.757667 -1.770793
2.565558 -0.757667 -1.770793
2.565558 -0.757667 -1.770793
2.565558 -0.757667 -1.770793
2.565558 -0.757667 -1.770793
2.565558 -0.757667 -1.770793
2.565558 -0.757667 -1.770793
2.565558 -0.757667 -1.770793
2.565558 -0.757667 -1.770793
2.565558 -0.757667 -1.770793
2.565558 -0.757667 -1.770793
2.565558 -0.757667 -1.770793
2.565558 -0.757667 -1.770793
2.565558 -0.757667 -1.770793
2.565558 -0.757667 -1.770793
2.565558 -0.757667 -1.770793
2.565558 -0.757667 -1.770793
2.565558 -0.757667 -1.770793
2.565558 -0.757667 -1.770793
2.565558 -0.757667 -1.770793
2.565558 -0.757667 -1.770793
2.565558 -0.757667 -1.770793
2.565558 -0.757667 -1.770793
2.565558 -0.757667 -1.770793
2.565558 -0.757667 -1.770793
2.565558 -0.757667 -1.770793
2.565558 -0.757667 -1.770793
2.565558 -0.757667 -1.770793
2.565558 -0.757667 -1.770793
2.565558 -0.757667 -1.770793
2.565558 -0.757667 -1.770793
2.565558 -0.757667 -1.683526
2.565558 -0.757667 -1.683526
2.565558 -0.757667 -1.596260
2.565558 -0.757667 -1.421727
2.565558 -0.757667 -1.334461
2.565558 -0.757667 -1.247194
2.565558 -0.757667 -1.159928
2.565558 -0.757667 -1.159928
2.565558 -0.757667 -1.072662
2.565558 -0.757667 -1.072662
2.565558 -0.757667 -1.072662
2.565558 -0.757667 -0.985395
2.565558 -0.757667 -0.985395
2.565558 -0.757667 -0.985395
2.565558 -0.757667 -0.985395
2.565558 -0.757667 -0.985395
2.565558 -0.757667 -0.985395
2.565558 -0.757667 -0.985395
2.565558 -0.757667 -0.985395
2.565558 -0.757667 -0.985395
2.565558 -0.757667 -0.985395
2.565558 -0.757667 -0.985395
2.565558 -0.757667 -0.985395
2.565558 -0.757667 -0.985395
2.565558 -0.757667 -0.985395
2.565558 -0.757667 -0.985395
2.565558 -0.757667 -0.985395
2.565558 -0.757667 -0.985395
2.565558 -0.757667 -0.985395
2.565558 -0.757667 -0.985395
2.565558 -0.757667 -0.985395
2.565558 -0.757667 -0.985395
2.565558 -0.757667 -0.985395
2.565558 -0.757667 -0.985395
2.565558 -0.757667 -0.985395
2.565558 -0.757667 -0.985395
2.565558 -0.757667 -0.985395
2.565558 -0.757667 -0.985395
2.565558 -0.757667 -0.985395
2.565558 -0.757667 -0.985395
2.565558 -0.757667 -0.985395
2.565558 -0.757667 -0.985395
2.565558 -0.757667 -0.985395
2.565558 -0.757667 -0.985395
2.565558 -0.757667 -0.985395
2.565558 -0.757667 -0.985395
2.565558 -0.757667 -0.985395
2.565558 -0.757667 -0.985395
2.565558 -0.757667 -0.985395
2.565558 -0.757667 -0.985395
2.565558 -0.757667 -0.985395
2.565558 -0.757667 -0.985395
2.565558 -0.757667 -0.985395
2.565558 -0.757667 -0.985395
2.565558 -0.757667 -0.985395
2.565558 -0.757667 -0.985395
2.565558 -0.757667 -0.985395
2.565558 -0.757667 -0.985395
2.565558 -0.757667 -0.985395
2.565558 -0.757667 -0.985395
2.565558 -0.757667 -0.985395
2.565558 -0.757667 -0.985395
2.565558 -0.757667 -0.985395
2.565558 -0.757667 -0.985395
2.565558 -0.757667 -0.985395
2.565558 -0.757667 -0.985395
2.565558 -0.757667 -0.985395
2.565558 -0.757667 -0.985395
2.565558 -0.757667 -0.985395
2.565558 -0.757667 -0.985395
2.565558 -0.757667 -0.985395
2.565558 -0.757667 -0.985395
2.565558 -0.757667 -0.985395
2.565558 -0.757667 -0.985395
2.565558 -0.757667 -0.985395
2.565558 -0.757667 -0.985395
2.565558 -0.757667 -0.985395
2.565558 -0.757667 -0.985395
2.565558 -0.757667 -0.985395
2.565558 -0.757667 -0.985395
2.565558 -0.757667 -0.985395
2.565558 -0.757667 -0.985395
2.565558 -0.757667 -0.985395
2.565558 -0.757667 -0.985395
2.565558 -0.757667 -0.985395
2.565558 -0.757667 -0.985395
2.565558 -0.757667 -0.985395
2.565558 -0.757667 -0.985395
2.565558 -0.757667 -0.985395
2.565558 -0.757667 -0.985395
2.565558 -0.757667 -0.985395
2.565558 -0.757667 -0.985395
2.565558 -0.757667 -0.985395
2.565558 -0.757667 -0.985395
2.565558 -0.757667 -0.985395
2.565558 -0.757667 -0.985395
2.565558 -0.757667 -0.985395
2.565558 -0.757667 -0.985395
2.565558 -0.757667 -0.985395
2.565558 -0.757667 -0.985395
