3.138451 -0.045157 -1.709567
3.138451 -0.045157 -1.709567
3.138451 -0.045157 -1.709567
3.138451 -0.045157 -1.709567
3.138451 -0.045157 -1.709567
3.141515 -0.042925 -1.709567
3.157059 0.000911 -1.709567
3.157059 0.079696 -1.709567
3.104076 0.170961 -1.709567
3.006161 0.228942 -1.709567
2.906161 0.251142 -1.709567
2.806161 0.248917 -1.709567
2.744027 0.183454 -1.709567
2.832796 0.124648 -1.709567
2.922397 0.160996 -1.709567
2.963737 0.260996 -1.709567
2.899107 0.353925 -1.709567
2.799107 0.376126 -1.709567
2.699107 0.342280 -1.709567
2.699107 0.242280 -1.709567
2.777892 0.168494 -1.709567
2.874981 0.115512 -1.709567
2.960422 0.045054 -1.709567
2.975966 -0.054946 -1.709567
2.975966 -0.054946 -1.709567
2.975966 -0.054946 -1.709567
2.973741 -0.154946 -1.709567
2.964028 -0.254946 -1.709567
2.939338 -0.354946 -1.709567
2.903828 -0.454946 -1.709567
2.944336 -0.487128 -1.709567
2.989005 -0.438299 -1.709567
3.048650 -0.347866 -1.709567
3.099974 -0.249113 -1.709567
3.147139 -0.149113 -1.709567
3.156026 -0.049113 -1.709567
3.064767 0.019688 -1.709567
2.964767 0.009142 -1.709567
2.864767 -0.053824 -1.709567
2.785157 -0.138427 -1.709567
2.717195 -0.228022 -1.709567
2.717195 -0.228022 -1.709567
2.690009 -0.302640 -1.709567
2.790009 -0.309025 -1.709567
2.890009 -0.246052 -1.709567
2.977114 -0.170595 -1.709567
2.977114 -0.170595 -1.709567
2.977114 -0.170595 -1.709567
2.977114 -0.170595 -1.709567
3.062555 -0.094307 -1.709567
3.062555 -0.094307 -1.709567
3.062555 -0.094307 -1.709567
3.016229 -0.118997 -1.709567
3.016229 -0.118997 -1.709567
3.016229 -0.118997 -1.709567
2.916229 -0.165323 -1.709567
2.916229 -0.165323 -1.709567
2.887379 -0.190013 -1.709567
2.798616 -0.257975 -1.709567
2.798616 -0.257975 -1.709567
2.798616 -0.257975 -1.709567
2.867417 -0.223291 -1.709567
2.965338 -0.171134 -1.709567
2.965338 -0.171134 -1.709567
2.965338 -0.171134 -1.709567
3.054940 -0.107329 -1.709567
3.054940 -0.107329 -1.709567
3.152029 -0.051844 -1.709567
3.152029 -0.051844 -1.709567
3.233310 -0.015496 -1.709567
3.233310 -0.015496 -1.709567
3.233310 -0.015496 -1.709567
3.233310 -0.015496 -1.709567
3.233310 -0.015496 -1.702110
3.233310 -0.015496 -1.627389
3.233310 -0.015496 -1.529875
3.233310 -0.015496 -1.529875
3.233310 -0.015496 -1.529875
3.233310 -0.015496 -1.529875
3.233310 -0.015496 -1.438163
3.233310 -0.015496 -1.377119
3.233310 -0.015496 -1.325192
3.233310 -0.015496 -1.225192
3.233310 -0.015496 -1.198256
3.233310 -0.015496 -1.106544
3.233310 -0.015496 -1.006544
3.233310 -0.015496 -0.988726
3.233310 -0.015496 -0.894113
3.233310 -0.015496 -0.794113
3.233310 -0.015496 -0.758060
3.233310 -0.015496 -0.708060
3.233310 -0.015496 -0.608060
3.233310 -0.015496 -0.530023
3.233310 -0.015496 -0.435411
3.233310 -0.015496 -0.359032
3.233310 -0.015496 -0.353232
3.233310 -0.015496 -0.253232
3.233310 -0.015496 -0.253232
3.233310 -0.015496 -0.253232
3.233310 -0.015496 -0.253232
3.233310 -0.015496 -0.253232
3.233310 -0.015496 -0.253232
3.233310 -0.015496 -0.253232
3.233310 -0.015496 -0.253232
3.233310 -0.015496 -0.303232
3.233310 -0.015496 -0.303232
3.233310 -0.015496 -0.303232
3.233310 -0.015496 -0.309032
3.233310 -0.015496 -0.373391
3.233310 -0.015496 -0.389966
3.233310 -0.015496 -0.439966
3.233310 -0.015496 -0.539966
3.233310 -0.015496 -0.562343
3.233310 -0.015496 -0.662343
3.233310 -0.015496 -0.729603
3.233310 -0.015496 -0.747421
3.233310 -0.015496 -0.840376
3.233310 -0.015496 -0.858194
3.233310 -0.015496 -0.879327
3.233310 -0.015496 -0.979327
3.233310 -0.015496 -1.005019
3.233310 -0.015496 -1.066063
3.233310 -0.015496 -1.156117
3.233310 -0.015496 -1.163575
3.233310 -0.015496 -1.256530
3.233310 -0.015496 -1.247829
3.233310 -0.015496 -1.247829
3.233310 -0.015496 -1.247829
3.233310 -0.015496 -1.247829
3.233310 -0.015496 -1.247829
3.233310 -0.015496 -1.247829
3.272154 0.036660 -1.247829
3.328471 0.103797 -1.247829
3.386452 0.179254 -1.247829
3.444433 0.273015 -1.247829
3.444433 0.273015 -1.247829
3.444433 0.273015 -1.247829
3.444433 0.273015 -1.247829
3.444433 0.273015 -1.247829
3.444433 0.273015 -1.247829
3.444433 0.273015 -1.247829
3.424735 0.273015 -1.247829
3.389225 0.263302 -1.247829
3.350387 0.252756 -1.247829
3.264121 0.202270 -1.247829
3.264121 0.202270 -1.247829
3.264121 0.202270 -1.247829
3.169534 0.145128 -1.247829
3.079939 0.075502 -1.247829
3.033613 -0.024498 -1.247829
3.033613 -0.124498 -1.247829
3.072457 -0.224498 -1.247829
3.145418 -0.304941 -1.247829
3.242507 -0.356259 -1.247829
3.342507 -0.356259 -1.247829
3.422956 -0.272482 -1.247829
3.422956 -0.172482 -1.247829
3.357493 -0.079553 -1.247829
3.263739 -0.014916 -1.247829
3.163739 0.034745 -1.247829
3.063739 0.053617 -1.247829
2.963739 0.055849 -1.247829
2.863739 0.022003 -1.247829
2.820741 -0.077997 -1.247829
2.823804 -0.177997 -1.247829
2.902589 -0.251783 -1.247829
3.002589 -0.289789 -1.247829
3.085534 -0.208508 -1.247829
3.085534 -0.108508 -1.247829
3.054185 -0.008508 -1.247829
2.977070 0.076101 -1.247829
2.877070 0.131586 -1.247829
2.777070 0.138810 -1.247829
2.677070 0.138810 -1.247829
2.577070 0.114120 -1.247829
2.504116 0.028685 -1.247829
2.461118 -0.071315 -1.247829
2.443917 -0.171315 -1.247829
2.443917 -0.271315 -1.247829
2.444484 -0.371315 -1.247829
2.544484 -0.400997 -1.247829
2.644484 -0.345512 -1.247829
2.731589 -0.269224 -1.247829
2.795394 -0.176294 -1.247829
2.795394 -0.176294 -1.247829
2.795394 -0.176294 -1.247829
2.857535 -0.085861 -1.247829
2.929664 -0.001252 -1.247829
3.015105 0.068380 -1.247829
3.115105 0.108889 -1.247829
3.215105 0.114448 -1.247829
3.303874 0.046486 -1.247829
3.340222 -0.053514 -1.247829
3.340222 -0.153514 -1.247829
3.277255 -0.242276 -1.247829
3.177255 -0.248662 -1.247829
3.077255 -0.235614 -1.247829
2.977255 -0.180961 -1.247829
2.909294 -0.090528 -1.247829
2.866296 0.009472 -1.247829
2.836614 0.109472 -1.247829
2.894594 0.200737 -1.247829
2.994180 0.247902 -1.247829
3.094180 0.265110 -1.247829
3.194180 0.265110 -1.247829
3.194180 0.265110 -1.247829
3.194180 0.265110 -1.247829
3.194180 0.265110 -1.247829
3.194180 0.265110 -1.247829
3.194180 0.265110 -1.247829
3.194180 0.265110 -1.247829
3.194180 0.265110 -1.247829
3.294180 0.258725 -1.247829
3.394180 0.234035 -1.247829
3.394180 0.234035 -1.247829
3.394180 0.234035 -1.247829
3.394180 0.234035 -1.247829
3.394180 0.234035 -1.247829
3.394180 0.234035 -1.247829
3.394180 0.234035 -1.247829
3.494180 0.209345 -1.247829
3.594180 0.171339 -1.247829
3.694180 0.115861 -1.247829
3.694180 0.115861 -1.247829
3.694180 0.115861 -1.247829
3.694180 0.115861 -1.247829
3.694180 0.115861 -1.247829
3.791269 0.071199 -1.247829
3.791269 0.075927 -1.247829
3.704171 0.124755 -1.247829
3.604171 0.164431 -1.247829
3.504171 0.202443 -1.247829
3.504171 0.202443 -1.247829
3.504171 0.202443 -1.247829
3.504171 0.202443 -1.247829
3.504171 0.202443 -1.247829
3.504171 0.202443 -1.247829
3.404171 0.249608 -1.247829
3.304171 0.310085 -1.247829
3.229552 0.398022 -1.247829
3.229552 0.398022 -1.247829
3.229552 0.398022 -1.247829
3.229552 0.398022 -1.247829
3.229552 0.398022 -1.247829
3.229552 0.398022 -1.247829
3.129552 0.445186 -1.247829
3.029552 0.445186 -1.247829
2.929552 0.445186 -1.247829
2.829552 0.445186 -1.247829
2.829552 0.445186 -1.247829
2.829552 0.445186 -1.247829
2.829552 0.445186 -1.247829
2.729552 0.428817 -1.247829
2.685723 0.390811 -1.247829
2.685723 0.390811 -1.247829
2.685723 0.390811 -1.247829
2.685723 0.390811 -1.247829
2.685723 0.390811 -1.247829
2.685723 0.390811 -1.297558
2.685723 0.390811 -1.367719
2.685723 0.390811 -1.442440
2.685723 0.390811 -1.442440
2.685723 0.390811 -1.518818
2.685723 0.390811 -1.596855
2.685723 0.390811 -1.676134
2.685723 0.390811 -1.676134
2.685723 0.390811 -1.676134
2.685723 0.390811 -1.757071
2.685723 0.390811 -1.757071
2.685723 0.390811 -1.757071
2.685723 0.390811 -1.839666
2.685723 0.390811 -1.839666
2.685723 0.390811 -1.920603
2.685723 0.390811 -1.920603
2.685723 0.390811 -1.920603
2.685723 0.390811 -1.920603
2.685723 0.390811 -1.920603
2.685723 0.390811 -1.920603
2.685723 0.390811 -1.920603
2.685723 0.390811 -1.920603
2.685723 0.390811 -1.920603
2.685723 0.390811 -1.920603
2.685723 0.390811 -1.920603
2.685723 0.390811 -1.920603
2.685723 0.390811 -1.920603
2.685723 0.390811 -1.920603
2.685723 0.390811 -1.920603
2.685723 0.390811 -1.920603
