3.138451 -0.045157 -1.709567
3.138451 -0.045157 -1.709567
3.138451 -0.045157 -1.709567
3.138451 -0.045157 -1.709567
3.138451 -0.045157 -1.709567
3.138451 -0.045157 -1.709567
3.138451 -0.045157 -1.709567
3.138451 -0.045157 -1.709567
3.138451 -0.045157 -1.709567
3.138451 -0.045157 -1.709567
3.138451 -0.045157 -1.709567
3.138451 -0.045157 -1.709567
3.138451 -0.045157 -1.709567
3.138451 -0.045157 -1.709567
3.138451 -0.045157 -1.709567
3.138451 -0.045157 -1.709567
3.138451 -0.045157 -1.709567
3.138451 -0.045157 -1.709567
3.138451 -0.045157 -1.709567
3.138451 -0.045157 -1.709567
3.138451 -0.045157 -1.709567
3.138451 -0.045157 -1.709567
3.138451 -0.045157 -1.709567
3.138451 -0.045157 -1.709567
3.138451 -0.045157 -1.709567
3.138451 -0.045157 -1.709567
3.138451 -0.045157 -1.709567
3.138451 -0.045157 -1.709567
3.138451 -0.045157 -1.709567
3.138451 -0.045157 -1.709567
3.138451 -0.045157 -1.709567
3.138451 -0.045157 -1.709567
3.138451 -0.045157 -1.709567
3.138451 -0.045157 -1.709567
3.138451 -0.045157 -1.709567
3.138451 -0.045157 -1.709567
3.138451 -0.045157 -1.709567
3.138451 -0.045157 -1.709567
3.138451 -0.045157 -1.709567
3.138451 -0.045157 -1.709567
3.138451 -0.045157 -1.709567
3.138451 -0.045157 -1.709567
3.138451 -0.045157 -1.709567
3.138451 -0.045157 -1.709567
3.138451 -0.045157 -1.709567
3.138451 -0.045157 -1.709567
3.138451 -0.045157 -1.709567
3.138451 -0.045157 -1.709567
3.138451 -0.045157 -1.709567
3.138451 -0.045157 -1.709567
3.138451 -0.045157 -1.709567
3.138451 -0.045157 -1.709567
3.138451 -0.045157 -1.709567
3.138451 -0.045157 -1.709567
3.138451 -0.045157 -1.709567
3.138451 -0.045157 -1.709567
3.138451 -0.045157 -1.709567
3.138451 -0.045157 -1.709567
3.138451 -0.045157 -1.709567
3.138451 -0.045157 -1.709567
3.138451 -0.045157 -1.631531
3.138451 -0.045157 -1.631531
3.138451 -0.045157 -1.631531
3.138451 -0.045157 -1.631531
3.138451 -0.045157 -1.616614
3.138451 -0.045157 -1.580560
3.138451 -0.045157 -1.580560
3.138451 -0.045157 -1.580560
3.138451 -0.045157 -1.580560
3.138451 -0.045157 -1.580560
3.138451 -0.045157 -1.580560
3.138451 -0.045157 -1.580560
3.138451 -0.045157 -1.580560
3.138451 -0.045157 -1.580560
3.138451 -0.045157 -1.580560
3.138451 -0.045157 -1.580560
3.138451 -0.045157 -1.580560
3.138451 -0.045157 -1.580560
3.138451 -0.045157 -1.580560
3.138451 -0.045157 -1.580560
3.138451 -0.045157 -1.580560
3.138451 -0.045157 -1.580560
3.138451 -0.045157 -1.580560
3.138451 -0.045157 -1.580560
3.138451 -0.045157 -1.580560
3.138451 -0.045157 -1.580560
3.138451 -0.045157 -1.580560
3.138451 -0.045157 -1.580560
3.138451 -0.045157 -1.580560
3.138451 -0.045157 -1.580560
3.138451 -0.045157 -1.580560
3.138451 -0.045157 -1.580560
3.138451 -0.045157 -1.580560
3.138451 -0.045157 -1.580560
3.138451 -0.045157 -1.580560
3.138451 -0.045157 -1.580560
3.138451 -0.045157 -1.580560
3.138451 -0.045157 -1.580560
3.138451 -0.045157 -1.580560
3.138451 -0.045157 -1.580560
3.138451 -0.045157 -1.580560
3.138451 -0.045157 -1.580560
3.138451 -0.045157 -1.580560
3.138451 -0.045157 -1.580560
3.138451 -0.045157 -1.580560
3.138451 -0.045157 -1.580560
3.138451 -0.045157 -1.580560
3.138451 -0.045157 -1.580560
3.138451 -0.045157 -1.580560
3.138451 -0.045157 -1.580560
3.138451 -0.045157 -1.580560
3.138451 -0.045157 -1.580560
3.138451 -0.045157 -1.580560
3.138451 -0.045157 -1.580560
3.138451 -0.045157 -1.580560
3.138451 -0.045157 -1.580560
3.138451 -0.045157 -1.580560
3.138451 -0.045157 -1.580560
3.138451 -0.045157 -1.580560
3.138451 -0.045157 -1.580560
3.138451 -0.045157 -1.580560
3.138451 -0.045157 -1.580560
3.138451 -0.045157 -1.580560
3.138451 -0.045157 -1.580560
3.138451 -0.045157 -1.580560
3.138451 -0.045157 -1.580560
3.138451 -0.045157 -1.580560
3.138451 -0.045157 -1.580560
3.138451 -0.045157 -1.580560
3.138451 -0.045157 -1.580560
3.138451 -0.045157 -1.580560
3.138451 -0.045157 -1.580560
3.138451 -0.045157 -1.580560
3.138451 -0.045157 -1.580560
3.138451 -0.045157 -1.580560
3.138451 -0.045157 -1.580560
3.138451 -0.045157 -1.580560
3.138451 -0.045157 -1.580560
3.138451 -0.045157 -1.580560
3.138451 -0.045157 -1.580560
3.138451 -0.045157 -1.580560
3.138451 -0.045157 -1.580560
3.138451 -0.045157 -1.580560
3.138451 -0.045157 -1.580560
3.138451 -0.045157 -1.580560
3.138451 -0.045157 -1.580560
3.138451 -0.045157 -1.580560
3.138451 -0.045157 -1.580560
3.138451 -0.045157 -1.580560
3.138451 -0.045157 -1.580560
3.138451 -0.045157 -1.580560
3.138451 -0.045157 -1.580560
3.138451 -0.045157 -1.580560
3.138451 -0.045157 -1.580560
3.138451 -0.045157 -1.580560
3.138451 -0.045157 -1.580560
3.138451 -0.045157 -1.580560
3.138451 -0.045157 -1.580560
3.138451 -0.045157 -1.580560
3.138451 -0.045157 -1.580560
3.138451 -0.045157 -1.580560
3.138451 -0.045157 -1.580560
3.138451 -0.045157 -1.580560
3.138451 -0.045157 -1.580560
3.138451 -0.045157 -1.580560
3.138451 -0.045157 -1.580560
3.138451 -0.045157 -1.580560
3.138451 -0.045157 -1.580560
3.138451 -0.045157 -1.580560
3.138451 -0.045157 -1.580560
3.138451 -0.045157 -1.580560
3.138451 -0.045157 -1.580560
3.138451 -0.045157 -1.580560
3.138451 -0.045157 -1.580560
3.138451 -0.045157 -1.580560
3.138451 -0.045157 -1.580560
3.138451 -0.045157 -1.580560
3.138451 -0.045157 -1.580560
3.138451 -0.045157 -1.580560
3.138451 -0.045157 -1.580560
3.138451 -0.045157 -1.580560
3.138451 -0.045157 -1.580560
3.138451 -0.045157 -1.580560
3.138451 -0.045157 -1.580560
3.138451 -0.045157 -1.580560
3.138451 -0.045157 -1.580560
3.138451 -0.045157 -1.580560
3.138451 -0.045157 -1.580560
3.138451 -0.045157 -1.580560
3.138451 -0.045157 -1.580560
3.138451 -0.045157 -1.580560
3.138451 -0.045157 -1.580560
3.138451 -0.045157 -1.580560
3.138451 -0.045157 -1.580560
3.138451 -0.045157 -1.580560
3.138451 -0.045157 -1.580560
3.138451 -0.045157 -1.580560
3.138451 -0.045157 -1.580560
3.138451 -0.045157 -1.580560
3.138451 -0.045157 -1.580560
3.138451 -0.045157 -1.580560
3.138451 -0.045157 -1.580560
3.138451 -0.045157 -1.580560
3.138451 -0.045157 -1.580560
3.138451 -0.045157 -1.580560
3.138451 -0.045157 -1.580560
3.138451 -0.045157 -1.580560
3.138451 -0.045157 -1.580560
3.138451 -0.045157 -1.580560
3.138451 -0.045157 -1.580560
3.138451 -0.045157 -1.580560
3.138451 -0.045157 -1.580560
3.138451 -0.045157 -1.580560
3.138451 -0.045157 -1.580560
3.138451 -0.045157 -1.580560
3.138451 -0.045157 -1.580560
3.138451 -0.045157 -1.580560
3.138451 -0.045157 -1.580560
3.138451 -0.045157 -1.580560
3.138451 -0.045157 -1.580560
3.138451 -0.045157 -1.580560
3.138451 -0.045157 -1.580560
3.138451 -0.045157 -1.580560
3.138451 -0.045157 -1.580560
3.138451 -0.045157 -1.580560
3.138451 -0.045157 -1.580560
3.138451 -0.045157 -1.580560
3.138451 -0.045157 -1.580560
3.138451 -0.045157 -1.580560
3.138451 -0.045157 -1.580560
3.138451 -0.045157 -1.580560
3.138451 -0.045157 -1.580560
3.138451 -0.045157 -1.580560
3.138451 -0.045157 -1.580560
3.138451 -0.045157 -1.580560
3.138451 -0.045157 -1.580560
3.138451 -0.045157 -1.580560
3.138451 -0.045157 -1.580560
3.138451 -0.045157 -1.580560
3.138451 -0.045157 -1.580560
3.138451 -0.045157 -1.580560
3.138451 -0.045157 -1.580560
3.138451 -0.045157 -1.580560
3.138451 -0.045157 -1.580560
3.138451 -0.045157 -1.576004
3.138451 -0.045157 -1.563987
3.138451 -0.045157 -1.546169
3.138451 -0.045157 -1.519233
3.138451 -0.045157 -1.481521
3.138451 -0.045157 -1.439252
3.138451 -0.045157 -1.392423
3.138451 -0.045157 -1.342694
3.138451 -0.045157 -1.292694
3.138451 -0.045157 -1.292694
3.138451 -0.045157 -1.242011
3.138451 -0.045157 -1.190084
3.138451 -0.045157 -1.131941
3.138451 -0.045157 -1.070897
3.138451 -0.045157 -1.001979
3.138451 -0.045157 -0.921042
3.138451 -0.045157 -0.832645
3.138451 -0.045157 -0.740933
3.138451 -0.045157 -0.643420
3.138451 -0.045157 -0.543420
3.138451 -0.045157 -0.543420
3.138451 -0.045157 -0.543420
3.138451 -0.045157 -0.543420
3.138451 -0.045157 -0.494934
3.138451 -0.045157 -0.494934
3.138451 -0.045157 -0.411096
3.138451 -0.045157 -0.411096
3.138451 -0.045157 -0.397837
3.138451 -0.045157 -0.297837
3.138451 -0.045157 -0.233477
3.138451 -0.045157 -0.233477
3.138451 -0.045157 -0.133477
3.138451 -0.045157 -0.101982
3.138451 -0.045157 -0.068830
3.138451 -0.045157 0.031170
3.138451 -0.045157 0.036971
3.138451 -0.045157 0.036971
3.138451 -0.045157 0.036971
3.138451 -0.045157 0.117908
3.138451 -0.045157 0.173150
3.138451 -0.045157 0.173150
3.138451 -0.045157 0.173150
3.138451 -0.045157 0.173150
3.138451 -0.045157 0.173150
3.138451 -0.045157 0.173150
3.138451 -0.045157 0.173150
3.138451 -0.045157 0.173150
3.138451 -0.045157 0.173150
3.138451 -0.045157 0.173150
3.138451 -0.045157 0.173150
3.138451 -0.045157 0.173150
3.138451 -0.045157 0.173150
3.138451 -0.045157 0.173150
3.138451 -0.045157 0.173150
3.138451 -0.045157 0.173150
3.138451 -0.045157 0.173150
3.138451 -0.045157 0.173150
3.138451 -0.045157 0.173150
3.138451 -0.045157 0.173150
3.138451 -0.045157 0.173150
3.138451 -0.045157 0.173150
3.138451 -0.045157 0.173150
3.138451 -0.045157 0.173150
3.138451 -0.045157 0.173150
3.138451 -0.045157 0.173150
3.138451 -0.045157 0.173150
3.138451 -0.045157 0.173150
3.138451 -0.045157 0.173150
3.138451 -0.045157 0.173150
3.138451 -0.045157 0.173150
3.138451 -0.045157 0.173150
3.138451 -0.045157 0.173150
3.138451 -0.045157 0.173150
3.138451 -0.045157 0.173150
3.138451 -0.045157 0.173150
3.138451 -0.045157 0.173150
3.138451 -0.045157 0.173150
3.138451 -0.045157 0.173150
3.138451 -0.045157 0.173150
3.138451 -0.045157 0.173150
3.138451 -0.045157 0.173150
3.138451 -0.045157 0.173150
3.138451 -0.045157 0.173150
3.138451 -0.045157 0.173150
3.138451 -0.045157 0.173150
3.138451 -0.045157 0.173150
3.138451 -0.045157 0.173150
3.138451 -0.045157 0.173150
3.138451 -0.045157 0.173150
3.138451 -0.045157 0.173150
3.138451 -0.045157 0.173150
3.138451 -0.045157 0.173150
3.138451 -0.045157 0.173150
3.138451 -0.045157 0.173150
