3.138451 -0.045157 -1.709567
3.138451 -0.045157 -1.709567
3.138451 -0.045157 -1.709567
3.138451 -0.045157 -1.709567
3.138451 -0.045157 -1.709567
3.138451 -0.045157 -1.709567
3.138451 -0.045157 -1.709567
3.138451 -0.045157 -1.709567
3.138451 -0.045157 -1.709567
3.138451 -0.045157 -1.709567
3.138451 -0.045157 -1.709567
3.138451 -0.045157 -1.709567
3.138451 -0.045157 -1.709567
3.138451 -0.045157 -1.709567
3.138451 -0.045157 -1.709567
3.138451 -0.045157 -1.709567
3.138451 -0.045157 -1.709567
3.138451 -0.045157 -1.709567
3.138451 -0.045157 -1.709567
3.138451 -0.045157 -1.709567
3.138451 -0.045157 -1.709567
3.138451 -0.045157 -1.709567
3.138451 -0.045157 -1.709567
3.138451 -0.045157 -1.709567
3.138451 -0.045157 -1.705011
3.138451 -0.045157 -1.653084
3.138451 -0.045157 -1.603084
3.138451 -0.045157 -1.603084
3.138451 -0.045157 -1.603084
3.138451 -0.045157 -1.603084
3.138451 -0.045157 -1.603084
3.138451 -0.045157 -1.603084
3.138451 -0.045157 -1.603084
3.138451 -0.045157 -1.603084
3.138451 -0.045157 -1.603084
3.138451 -0.045157 -1.603084
3.138451 -0.045157 -1.603084
3.138451 -0.045157 -1.603084
3.138451 -0.045157 -1.603084
3.138451 -0.045157 -1.603084
3.138451 -0.045157 -1.603084
3.138451 -0.045157 -1.603084
3.138451 -0.045157 -1.603084
3.138451 -0.045157 -1.603084
3.138451 -0.045157 -1.603084
3.138451 -0.045157 -1.603084
3.138451 -0.045157 -1.603084
3.138451 -0.045157 -1.603084
3.138451 -0.045157 -1.603084
3.138451 -0.045157 -1.603084
3.138451 -0.045157 -1.603084
3.138451 -0.045157 -1.603084
3.138451 -0.045157 -1.603084
3.138451 -0.045157 -1.603084
3.138451 -0.045157 -1.603084
3.138451 -0.045157 -1.603084
3.138451 -0.045157 -1.603084
3.138451 -0.045157 -1.603084
3.138451 -0.045157 -1.603084
3.138451 -0.045157 -1.603084
3.138451 -0.045157 -1.603084
3.138451 -0.045157 -1.603084
3.138451 -0.045157 -1.603084
3.138451 -0.045157 -1.603084
3.138451 -0.045157 -1.603084
3.138451 -0.045157 -1.603084
3.138451 -0.045157 -1.603084
3.138451 -0.045157 -1.603084
3.138451 -0.045157 -1.603084
3.138451 -0.045157 -1.603084
3.138451 -0.045157 -1.603084
3.138451 -0.045157 -1.603084
3.138451 -0.045157 -1.603084
3.138451 -0.045157 -1.603084
3.138451 -0.045157 -1.603084
3.138451 -0.045157 -1.603084
3.138451 -0.045157 -1.603084
3.138451 -0.045157 -1.603084
3.138451 -0.045157 -1.603084
3.138451 -0.045157 -1.603084
3.138451 -0.045157 -1.603084
3.138451 -0.045157 -1.603084
3.138451 -0.045157 -1.603084
3.138451 -0.045157 -1.603084
3.138451 -0.045157 -1.603084
3.138451 -0.045157 -1.603084
3.138451 -0.045157 -1.603084
3.138451 -0.045157 -1.603084
3.138451 -0.045157 -1.603084
3.138451 -0.045157 -1.603084
3.138451 -0.045157 -1.603084
3.138451 -0.045157 -1.603084
3.138451 -0.045157 -1.603084
3.138451 -0.045157 -1.603084
3.138451 -0.045157 -1.603084
3.138451 -0.045157 -1.603084
3.138451 -0.045157 -1.603084
3.138451 -0.045157 -1.603084
3.138451 -0.045157 -1.603084
3.138451 -0.045157 -1.603084
3.138451 -0.045157 -1.603084
3.138451 -0.045157 -1.603084
3.138451 -0.045157 -1.603084
3.138451 -0.045157 -1.603084
3.138451 -0.045157 -1.603084
3.138451 -0.045157 -1.603084
3.138451 -0.045157 -1.603084
3.138451 -0.045157 -1.603084
3.138451 -0.045157 -1.603084
3.138451 -0.045157 -1.603084
3.138451 -0.045157 -1.603084
3.138451 -0.045157 -1.603084
3.138451 -0.045157 -1.603084
3.138451 -0.045157 -1.603084
3.138451 -0.045157 -1.603084
3.138451 -0.045157 -1.603084
3.138451 -0.045157 -1.603084
3.138451 -0.045157 -1.603084
3.138451 -0.045157 -1.603084
3.138451 -0.045157 -1.603084
3.138451 -0.045157 -1.603084
3.138451 -0.045157 -1.603084
3.138451 -0.045157 -1.603084
3.138451 -0.045157 -1.603084
3.138451 -0.045157 -1.603084
3.138451 -0.045157 -1.603084
3.138451 -0.045157 -1.603084
3.138451 -0.045157 -1.603084
3.138451 -0.045157 -1.603084
3.138451 -0.045157 -1.603084
3.138451 -0.045157 -1.603084
3.138451 -0.045157 -1.603084
3.138451 -0.045157 -1.603084
3.138451 -0.045157 -1.603084
3.138451 -0.045157 -1.603084
3.138451 -0.045157 -1.603084
3.138451 -0.045157 -1.603084
3.138451 -0.045157 -1.603084
3.138451 -0.045157 -1.603084
3.138451 -0.045157 -1.603084
3.138451 -0.045157 -1.603084
3.138451 -0.045157 -1.603084
3.138451 -0.045157 -1.603084
3.138451 -0.045157 -1.603084
3.138451 -0.045157 -1.603084
3.138451 -0.045157 -1.603084
3.138451 -0.045157 -1.603084
3.138451 -0.045157 -1.603084
3.138451 -0.045157 -1.603084
3.138451 -0.045157 -1.603084
3.138451 -0.045157 -1.603084
3.138451 -0.045157 -1.603084
3.138451 -0.045157 -1.603084
3.138451 -0.045157 -1.603084
3.138451 -0.045157 -1.603084
3.138451 -0.045157 -1.603084
3.138451 -0.045157 -1.603084
3.138451 -0.045157 -1.603084
3.138451 -0.045157 -1.603084
3.138451 -0.045157 -1.603084
3.138451 -0.045157 -1.603084
3.138451 -0.045157 -1.603084
3.138451 -0.045157 -1.603084
3.138451 -0.045157 -1.603084
3.138451 -0.045157 -1.603084
3.138451 -0.045157 -1.603084
3.138451 -0.045157 -1.603084
3.138451 -0.045157 -1.603084
3.138451 -0.045157 -1.603084
3.138451 -0.045157 -1.603084
3.138451 -0.045157 -1.603084
3.138451 -0.045157 -1.603084
3.138451 -0.045157 -1.603084
3.138451 -0.045157 -1.603084
3.138451 -0.045157 -1.603084
3.138451 -0.045157 -1.603084
3.138451 -0.045157 -1.603084
3.138451 -0.045157 -1.603084
3.138451 -0.045157 -1.603084
3.138451 -0.045157 -1.603084
3.138451 -0.045157 -1.603084
3.138451 -0.045157 -1.603084
3.138451 -0.045157 -1.603084
3.138451 -0.045157 -1.603084
3.138451 -0.045157 -1.603084
3.138451 -0.045157 -1.603084
3.138451 -0.045157 -1.603084
3.138451 -0.045157 -1.603084
3.138451 -0.045157 -1.603084
3.138451 -0.045157 -1.603084
3.138451 -0.045157 -1.603084
3.138451 -0.045157 -1.603084
3.138451 -0.045157 -1.603084
3.138451 -0.045157 -1.603084
3.138451 -0.045157 -1.603084
3.138451 -0.045157 -1.603084
3.138451 -0.045157 -1.603084
3.138451 -0.045157 -1.603084
3.138451 -0.045157 -1.603084
3.138451 -0.045157 -1.603084
3.138451 -0.045157 -1.603084
3.138451 -0.045157 -1.603084
3.138451 -0.045157 -1.603084
3.138451 -0.045157 -1.603084
3.138451 -0.045157 -1.603084
3.138451 -0.045157 -1.603084
3.138451 -0.045157 -1.603084
3.138451 -0.045157 -1.603084
3.138451 -0.045157 -1.603084
3.138451 -0.045157 -1.603084
3.138451 -0.045157 -1.603084
3.138451 -0.045157 -1.603084
3.138451 -0.045157 -1.603084
3.138451 -0.045157 -1.603084
3.138451 -0.045157 -1.603084
3.138451 -0.045157 -1.603084
3.138451 -0.045157 -1.603084
3.138451 -0.045157 -1.603084
3.138451 -0.045157 -1.603084
3.138451 -0.045157 -1.603084
3.138451 -0.045157 -1.603084
3.138451 -0.045157 -1.603084
3.138451 -0.045157 -1.603084
3.138451 -0.045157 -1.603084
3.138451 -0.045157 -1.603084
3.138451 -0.045157 -1.603084
3.138451 -0.045157 -1.603084
3.138451 -0.045157 -1.603084
3.138451 -0.045157 -1.603084
3.138451 -0.045157 -1.603084
3.138451 -0.045157 -1.603084
3.138451 -0.045157 -1.603084
3.138451 -0.045157 -1.603084
3.138451 -0.045157 -1.603084
3.138451 -0.045157 -1.603084
