3.138451 -0.045157 -1.709567
3.138451 -0.045157 -1.709567
3.138451 -0.045157 -1.709567
3.138451 -0.045157 -1.709567
3.138451 -0.045157 -1.709567
3.138451 -0.045157 -1.709567
3.138451 -0.045157 -1.709567
3.138451 -0.045157 -1.709567
3.138451 -0.045157 -1.709567
3.138451 -0.045157 -1.709567
3.138451 -0.045157 -1.709567
3.138451 -0.045157 -1.709567
3.138451 -0.045157 -1.709567
3.138451 -0.045157 -1.709567
3.138451 -0.045157 -1.709567
3.138451 -0.045157 -1.709567
3.138451 -0.045157 -1.709567
3.138451 -0.045157 -1.709567
3.138451 -0.045157 -1.709567
3.138451 -0.045157 -1.709567
3.138451 -0.045157 -1.709567
3.138451 -0.045157 -1.709567
3.138451 -0.045157 -1.709567
3.138451 -0.045157 -1.709567
3.138451 -0.045157 -1.709567
3.138451 -0.045157 -1.709567
3.138451 -0.045157 -1.709567
3.138451 -0.045157 -1.709567
3.138451 -0.045157 -1.709567
3.138451 -0.045157 -1.709567
3.138451 -0.045157 -1.709567
3.138451 -0.045157 -1.709567
3.138451 -0.045157 -1.709567
3.138451 -0.045157 -1.709567
3.138451 -0.045157 -1.709567
3.138451 -0.045157 -1.709567
3.138451 -0.045157 -1.709567
3.138451 -0.045157 -1.709567
3.138451 -0.045157 -1.709567
3.138451 -0.045157 -1.709567
3.138451 -0.045157 -1.709567
3.138451 -0.045157 -1.709567
3.138451 -0.045157 -1.709567
3.138451 -0.045157 -1.709567
3.138451 -0.045157 -1.709567
3.138451 -0.045157 -1.709567
3.138451 -0.045157 -1.709567
3.138451 -0.045157 -1.709567
3.138451 -0.045157 -1.709567
3.138451 -0.045157 -1.709567
3.138451 -0.045157 -1.709567
3.138451 -0.045157 -1.709567
3.138451 -0.045157 -1.709567
3.138451 -0.045157 -1.709567
3.138451 -0.045157 -1.709567
3.138451 -0.045157 -1.709567
3.138451 -0.045157 -1.709567
3.138451 -0.045157 -1.709567
3.138451 -0.045157 -1.709567
3.138451 -0.045157 -1.709567
3.138451 -0.045157 -1.709567
3.138451 -0.045157 -1.709567
3.138451 -0.045157 -1.709567
3.138451 -0.045157 -1.709567
3.138451 -0.045157 -1.709567
3.138451 -0.045157 -1.709567
3.138451 -0.045157 -1.709567
3.138451 -0.045157 -1.709567
3.138451 -0.045157 -1.709567
3.138451 -0.045157 -1.709567
3.138451 -0.045157 -1.709567
3.138451 -0.045157 -1.709567
3.138451 -0.045157 -1.709567
3.138451 -0.045157 -1.709567
3.138451 -0.045157 -1.709567
3.138451 -0.045157 -1.709567
3.138451 -0.045157 -1.709567
3.138451 -0.045157 -1.709567
3.138451 -0.045157 -1.709567
3.138451 -0.045157 -1.709567
3.138451 -0.045157 -1.709567
3.138451 -0.045157 -1.709567
3.138451 -0.045157 -1.709567
3.138451 -0.045157 -1.709567
3.138451 -0.045157 -1.709567
3.138451 -0.045157 -1.709567
3.138451 -0.045157 -1.709567
3.138451 -0.045157 -1.709567
3.138451 -0.045157 -1.709567
3.138451 -0.045157 -1.709567
3.138451 -0.045157 -1.709567
3.138451 -0.045157 -1.709567
3.138451 -0.045157 -1.709567
3.138451 -0.045157 -1.709567
3.138451 -0.045157 -1.709567
3.138451 -0.045157 -1.709567
3.138451 -0.045157 -1.709567
3.138451 -0.045157 -1.709567
3.138451 -0.045157 -1.709567
3.138451 -0.045157 -1.709567
3.138451 -0.045157 -1.709567
3.138451 -0.045157 -1.709567
3.138451 -0.045157 -1.709567
3.138451 -0.045157 -1.659567
3.138451 -0.045157 -1.559567
3.138451 -0.045157 -1.559567
3.138451 -0.045157 -1.559567
3.138451 -0.045157 -1.509567
3.138451 -0.045157 -1.509567
3.138451 -0.045157 -1.509567
3.138451 -0.045157 -1.509567
3.138451 -0.045157 -1.509567
3.138451 -0.045157 -1.509567
3.138451 -0.045157 -1.509567
3.138451 -0.045157 -1.509567
3.138451 -0.045157 -1.509567
3.138451 -0.045157 -1.509567
3.138451 -0.045157 -1.509567
3.138451 -0.045157 -1.509567
3.138451 -0.045157 -1.509567
3.138451 -0.045157 -1.509567
3.138451 -0.045157 -1.509567
3.138451 -0.045157 -1.509567
3.138451 -0.045157 -1.509567
3.138451 -0.045157 -1.509567
3.138451 -0.045157 -1.509567
3.138451 -0.045157 -1.509567
3.138451 -0.045157 -1.509567
3.138451 -0.045157 -1.509567
3.138451 -0.045157 -1.509567
3.138451 -0.045157 -1.509567
3.138451 -0.045157 -1.509567
3.138451 -0.045157 -1.509567
3.138451 -0.045157 -1.509567
3.138451 -0.045157 -1.509567
3.138451 -0.045157 -1.509567
3.138451 -0.045157 -1.509567
3.138451 -0.045157 -1.509567
3.138451 -0.045157 -1.509567
3.138451 -0.045157 -1.509567
3.138451 -0.045157 -1.509567
3.138451 -0.045157 -1.509567
3.138451 -0.045157 -1.509567
3.138451 -0.045157 -1.509567
3.138451 -0.045157 -1.509567
3.138451 -0.045157 -1.509567
3.138451 -0.045157 -1.509567
3.138451 -0.045157 -1.509567
3.138451 -0.045157 -1.509567
3.138451 -0.045157 -1.509567
3.138451 -0.045157 -1.509567
3.138451 -0.045157 -1.509567
3.138451 -0.033773 -1.509567
3.138451 -0.017397 -1.509567
3.138451 -0.017397 -1.509567
3.138451 -0.017397 -1.509567
3.138451 -0.017397 -1.509567
3.138451 -0.017397 -1.509567
3.138451 -0.009341 -1.509567
3.138451 0.022015 -1.509567
3.138451 0.059195 -1.509567
3.138451 0.099703 -1.509567
3.138451 0.143539 -1.509567
3.138451 0.190704 -1.509567
3.138451 0.243692 -1.509567
3.138451 0.299177 -1.509567
3.138451 0.357158 -1.509567
3.138451 0.417635 -1.509567
3.138451 0.484771 -1.509567
3.138451 0.484771 -1.509567
3.138451 0.484771 -1.509567
3.138451 0.484771 -1.509567
3.138451 0.484771 -1.509567
3.138451 0.484771 -1.509567
3.138451 0.484771 -1.509567
3.138451 0.484771 -1.509567
3.138451 0.484771 -1.509567
3.138451 0.483378 -1.509567
3.138451 0.479489 -1.509567
3.138451 0.467279 -1.509567
3.136226 0.441757 -1.509567
3.125681 0.403752 -1.509567
3.113471 0.361586 -1.509567
3.098765 0.315260 -1.509567
3.075740 0.258118 -1.509567
3.048553 0.196815 -1.509567
3.015540 0.127189 -1.509567
2.982527 0.040090 -1.509567
2.952844 -0.049505 -1.509567
2.952844 -0.049505 -1.509567
2.952844 -0.049505 -1.509567
2.952844 -0.049505 -1.509567
2.952844 -0.049505 -1.509567
2.952844 -0.049505 -1.509567
2.952844 -0.049505 -1.509567
2.952844 -0.049505 -1.509567
2.952844 -0.049505 -1.509567
2.952844 -0.044777 -1.509567
2.952844 -0.027569 -1.509567
2.952844 -0.027569 -1.509567
2.952844 -0.027569 -1.509567
2.952844 -0.026169 -1.509567
2.952844 -0.003137 -1.509567
2.952844 -0.003137 -1.509567
2.952844 -0.003137 -1.509567
2.952844 -0.000905 -1.509567
2.952844 0.003822 -1.509567
2.952844 0.003822 -1.509567
2.952844 0.003822 -1.509567
2.952844 0.003822 -1.509567
2.952844 0.003822 -1.509567
2.952844 0.003822 -1.509567
2.952844 0.003822 -1.509567
2.952844 0.003822 -1.509567
2.952844 0.003822 -1.509567
2.952844 0.003822 -1.509567
2.952844 0.003822 -1.509567
2.952844 0.003822 -1.509567
2.952844 0.003822 -1.509567
2.952844 0.003822 -1.509567
2.952844 0.003822 -1.509567
2.952844 0.008550 -1.509567
2.952844 0.030750 -1.509567
2.952844 0.041302 -1.509567
2.952844 0.041302 -1.509567
2.952844 0.041302 -1.509567
2.952844 0.041302 -1.509567
2.952844 0.037413 -1.509567
2.952844 0.001903 -1.509567
2.952844 -0.030278 -1.509567
2.952844 -0.030278 -1.509567
2.952844 -0.030278 -1.509567
2.952844 -0.030278 -1.509567
2.952844 -0.030278 -1.509567
2.952844 -0.030278 -1.509567
2.952844 -0.030278 -1.509567
2.989192 -0.030278 -1.509567
3.066313 -0.030278 -1.509567
3.135114 -0.030278 -1.509567
3.135114 -0.030278 -1.509567
3.135114 -0.030278 -1.509567
3.135114 -0.030278 -1.509567
3.135114 -0.030278 -1.509567
3.135114 -0.030278 -1.509567
3.135114 -0.030278 -1.509567
3.135114 -0.030278 -1.509567
3.154818 -0.030278 -1.509567
3.227778 -0.030278 -1.509567
3.227778 -0.030278 -1.509567
3.227778 -0.030278 -1.509567
3.227778 -0.030278 -1.509567
3.272447 -0.030278 -1.509567
3.305467 -0.030278 -1.509567
3.305467 -0.030278 -1.509567
3.305467 -0.030278 -1.509567
3.305467 -0.030278 -1.509567
3.305467 -0.030278 -1.509567
3.305467 -0.030278 -1.509567
3.305467 -0.030278 -1.509567
3.305467 -0.030278 -1.509567
3.305467 -0.030278 -1.509567
3.305467 -0.030278 -1.509567
3.305467 -0.030278 -1.509567
3.305467 -0.030278 -1.509567
3.305467 -0.030278 -1.509567
3.305467 -0.030278 -1.509567
3.305467 -0.030278 -1.509567
3.305467 -0.030278 -1.509567
3.330163 -0.030278 -1.509567
3.330163 -0.030278 -1.509567
3.330163 -0.030278 -1.509567
3.330163 -0.030278 -1.509567
3.330163 -0.030278 -1.509567
3.261369 -0.030278 -1.509567
3.261369 -0.030278 -1.509567
3.261369 -0.030278 -1.509567
3.229188 -0.030278 -1.509567
3.182862 -0.030278 -1.509567
3.182862 -0.030278 -1.509567
3.182862 -0.030278 -1.509567
3.135704 -0.030278 -1.509567
3.135704 -0.030278 -1.509567
3.135704 -0.030278 -1.509567
3.135704 -0.030278 -1.509567
3.135704 -0.030278 -1.509567
3.135704 -0.030278 -1.509567
3.135704 -0.030278 -1.509567
3.135704 -0.030278 -1.509567
3.135704 -0.030278 -1.509567
3.135704 -0.030278 -1.509567
3.135704 -0.030278 -1.509567
3.135704 -0.030278 -1.509567
3.135704 -0.030278 -1.509567
3.135704 -0.030278 -1.509567
3.135704 -0.030278 -1.509567
3.135704 -0.030278 -1.509567
3.135704 -0.030278 -1.509567
3.135704 -0.030278 -1.509567
3.135704 -0.030278 -1.509567
3.135704 -0.030278 -1.509567
3.135704 -0.030278 -1.509567
3.135704 -0.030278 -1.509567
3.135704 -0.030278 -1.509567
3.135704 -0.030278 -1.509567
3.135704 -0.030278 -1.509567
3.135704 -0.030278 -1.509567
3.135704 -0.030278 -1.509567
3.135704 -0.030278 -1.509567
3.135704 -0.030278 -1.509567
3.135704 -0.030278 -1.509567
3.135704 -0.030278 -1.509567
3.135704 -0.030278 -1.509567
3.135704 -0.030278 -1.509567
3.135704 -0.030278 -1.509567
3.135704 -0.030278 -1.509567
3.135704 -0.030278 -1.509567
3.135704 -0.030278 -1.509567
3.135704 -0.030278 -1.509567
3.135704 -0.030278 -1.509567
3.135704 -0.030278 -1.509567
3.135704 -0.030278 -1.509567
3.135704 -0.030278 -1.509567
3.135704 -0.030278 -1.509567
3.135704 -0.030278 -1.509567
3.135704 -0.030278 -1.509567
3.135704 -0.030278 -1.509567
3.135704 -0.030278 -1.509567
3.135704 -0.030278 -1.509567
3.135704 -0.030278 -1.509567
3.135704 -0.030278 -1.509567
3.135704 -0.030278 -1.509567
3.135704 -0.030278 -1.509567
3.135704 -0.030278 -1.509567
3.135704 -0.030278 -1.509567
3.135704 -0.030278 -1.509567
3.135704 -0.030278 -1.509567
3.135704 -0.030278 -1.509567
3.135704 -0.030278 -1.509567
3.135704 -0.030278 -1.509567
3.135704 -0.030278 -1.509567
3.135704 -0.030278 -1.509567
3.135704 -0.030278 -1.509567
3.135704 -0.030278 -1.509567
3.135704 -0.030278 -1.509567
3.135704 -0.030278 -1.509567
3.135704 -0.030278 -1.509567
3.135704 -0.030278 -1.509567
3.135704 -0.030278 -1.509567
3.135704 -0.030278 -1.509567
3.135704 -0.030278 -1.509567
3.135704 -0.030278 -1.509567
3.135704 -0.030278 -1.509567
3.135704 -0.030278 -1.509567
3.135704 -0.030278 -1.509567
3.135704 -0.030278 -1.509567
3.135704 -0.030278 -1.509567
3.135704 -0.030278 -1.509567
3.135704 -0.030278 -1.509567
3.135704 -0.030278 -1.509567
3.135704 -0.030278 -1.509567
3.135704 -0.030278 -1.509567
3.135704 -0.030278 -1.499209
3.135704 -0.030278 -1.449480
3.135704 -0.030278 -1.382220
3.135704 -0.030278 -1.295066
3.135704 -0.030278 -1.223248
3.135704 -0.030278 -1.223248
3.135704 -0.030278 -1.223248
3.135704 -0.030278 -1.166762
3.135704 -0.030278 -1.147287
3.135704 -0.030278 -1.107918
3.135704 -0.030278 -1.034442
3.135704 -0.030278 -1.017867
3.135704 -0.030278 -0.921597
3.135704 -0.030278 -0.920355
3.135704 -0.030278 -0.837760
3.135704 -0.030278 -0.837760
3.135704 -0.030278 -0.787076
3.135704 -0.030278 -0.743149
3.135704 -0.030278 -0.729890
3.135704 -0.030278 -0.659729
3.135704 -0.030278 -0.629477
3.135704 -0.030278 -0.529477
3.135704 -0.030278 -0.514560
3.135704 -0.030278 -0.414560
3.135704 -0.030278 -0.384308
3.135704 -0.030278 -0.284308
3.135704 -0.030278 -0.263175
3.135704 -0.030278 -0.168562
3.135704 -0.030278 -0.130851
3.135704 -0.030278 -0.130851
3.135704 -0.030278 -0.030851
3.135704 -0.030278 -0.030851
3.135704 -0.030278 -0.030851
3.135704 -0.030278 -0.030851
3.135704 -0.030278 -0.030851
3.135704 -0.030278 -0.030851
3.135704 -0.030278 -0.030851
3.135704 -0.030278 0.065420
3.135704 -0.030278 0.065420
3.135704 -0.030278 0.065420
3.135704 -0.030278 0.065420
3.135704 -0.030278 0.065420
3.135704 -0.030278 0.065420
3.135704 -0.030278 0.065420
3.135704 -0.030278 0.065420
3.135704 -0.030278 0.065420
3.135704 -0.030278 0.065420
3.135704 -0.030278 0.065420
3.135704 -0.030278 0.065420
3.135704 -0.030278 0.065420
3.135704 -0.030278 0.065420
3.135704 -0.030278 0.065420
3.135704 -0.030278 0.065420
3.135704 -0.030278 0.065420
3.135704 -0.030278 0.065420
3.135704 -0.030278 0.065420
3.135704 -0.030278 0.065420
3.135704 -0.030278 0.065420
3.135704 -0.030278 0.065420
3.135704 -0.030278 0.065420
3.135704 -0.030278 0.065420
3.135704 -0.030278 0.065420
3.135704 -0.030278 0.065420
3.135704 -0.030278 0.065420
3.135704 -0.030278 0.065420
3.135704 -0.030278 0.065420
3.135704 -0.030278 0.065420
3.135704 -0.030278 0.065420
3.135704 -0.030278 0.065420
3.135704 -0.030278 0.065420
3.135704 -0.030278 0.065420
3.135704 -0.030278 0.065420
3.135704 -0.030278 0.065420
3.135704 -0.030278 0.065420
3.135704 -0.030278 0.065420
3.135704 -0.030278 0.065420
3.135704 -0.030278 0.065420
3.135704 -0.030278 0.065420
3.135704 -0.030278 0.065420
3.135704 -0.030278 0.065420
3.135704 -0.030278 0.065420
3.135704 -0.030278 0.065420
3.135704 -0.030278 0.065420
3.135704 -0.030278 0.065420
3.135704 -0.030278 0.065420
3.135704 -0.030278 0.065420
3.135704 -0.030278 0.065420
3.135704 -0.030278 0.065420
3.135704 -0.030278 0.065420
3.135704 -0.030278 0.065420
3.135704 -0.030278 0.065420
3.135704 -0.030278 0.065420
3.135704 -0.030278 0.065420
3.135704 -0.030278 0.065420
3.135704 -0.030278 0.065420
3.135704 -0.030278 0.065420
3.135704 -0.030278 0.065420
3.135704 -0.030278 0.065420
3.135704 -0.030278 0.065420
3.135704 -0.030278 0.065420
3.135704 -0.030278 0.065420
3.135704 -0.030278 0.065420
3.135704 -0.030278 0.065420
3.135704 -0.030278 0.065420
3.135704 -0.030278 0.065420
3.135704 -0.030278 0.065420
3.135704 -0.030278 0.065420
3.135704 -0.030278 0.065420
3.135704 -0.030278 0.065420
3.135704 -0.030278 0.065420
3.135704 -0.030278 0.065420
3.135704 -0.030278 0.065420
3.135704 -0.030278 0.065420
3.135704 -0.030278 0.065420
3.135704 -0.030278 0.065420
3.135704 -0.030278 0.065420
3.135704 -0.030278 0.065420
3.135704 -0.030278 0.065420
3.135704 -0.030278 0.065420
3.135704 -0.030278 0.065420
3.135704 -0.030278 0.065420
3.135704 -0.030278 0.065420
3.135704 -0.030278 0.065420
3.135704 -0.030278 0.065420
3.135704 -0.030278 0.065420
3.135704 -0.030278 0.065420
3.135704 -0.030278 0.065420
3.135704 -0.030278 0.065420
3.135704 -0.030278 0.065420
3.135704 -0.030278 0.065420
3.135704 -0.030278 0.065420
3.135704 -0.030278 0.065420
3.135704 -0.030278 0.065420
3.135704 -0.030278 0.065420
3.135704 -0.030278 0.065420
