3.138451 -0.045157 -1.709567
3.138451 -0.045157 -1.709567
3.138451 -0.045157 -1.709567
3.138451 -0.045157 -1.709567
3.138451 -0.045157 -1.709567
3.138451 -0.045157 -1.709567
3.138451 -0.045157 -1.709567
3.138451 -0.045157 -1.709567
3.138451 -0.045157 -1.709567
3.138451 -0.045157 -1.709567
3.138451 -0.045157 -1.709567
3.138451 -0.045157 -1.709567
3.138451 -0.045157 -1.709567
3.138451 -0.045157 -1.709567
3.138451 -0.045157 -1.709567
3.138451 -0.045157 -1.709567
3.160651 -0.045157 -1.709567
3.160651 -0.045157 -1.709567
3.160651 -0.045157 -1.709567
3.160651 -0.045157 -1.709567
3.160651 -0.045157 -1.709567
3.160651 -0.045157 -1.709567
3.160651 -0.045157 -1.709567
3.160651 -0.045157 -1.698380
3.160651 -0.045157 -1.623245
3.160651 -0.045157 -1.524073
3.160651 -0.045157 -1.524073
3.160651 -0.045157 -1.524073
3.160651 -0.045157 -1.524073
3.160651 -0.045157 -1.524073
3.160651 -0.045157 -1.524073
3.160651 -0.045157 -1.495479
3.160651 -0.045157 -1.495479
3.160651 -0.045157 -1.395479
3.160651 -0.045157 -1.295479
3.160651 -0.045157 -1.235264
3.160651 -0.045157 -1.235264
3.160651 -0.045157 -1.235264
3.160651 -0.045157 -1.235264
3.160651 -0.045157 -1.235264
3.160651 -0.045157 -1.235264
3.160651 -0.045157 -1.235264
3.160651 -0.045157 -1.235264
3.160651 -0.045157 -1.235264
3.160651 -0.045157 -1.235264
3.160651 -0.045157 -1.235264
3.160651 -0.045157 -1.235264
3.160651 -0.045157 -1.235264
3.160651 -0.045157 -1.235264
3.160651 -0.045157 -1.235264
3.160651 -0.045157 -1.235264
3.160651 -0.045157 -1.235264
3.160651 -0.045157 -1.235264
3.160651 -0.045157 -1.235264
3.160651 -0.045157 -1.235264
3.160651 -0.045157 -1.235264
3.160651 -0.045157 -1.235264
3.160651 -0.045157 -1.235264
3.160651 -0.045157 -1.235264
3.160651 -0.045157 -1.235264
3.160651 -0.045157 -1.235264
3.160651 -0.045157 -1.235264
3.160651 -0.045157 -1.235264
3.160651 -0.045157 -1.235264
3.160651 -0.045157 -1.235264
3.160651 -0.045157 -1.235264
3.160651 -0.045157 -1.235264
3.160651 -0.045157 -1.235264
3.160651 -0.045157 -1.235264
3.160651 -0.045157 -1.235264
3.160651 -0.045157 -1.235264
3.160651 -0.045157 -1.235264
3.160651 -0.045157 -1.235264
3.160651 -0.045157 -1.235264
3.160651 -0.045157 -1.235264
3.160651 -0.045157 -1.235264
3.160651 -0.045157 -1.235264
3.160651 -0.045157 -1.235264
3.160651 -0.045157 -1.235264
3.160651 -0.045157 -1.235264
3.160651 -0.045157 -1.235264
3.160651 -0.045157 -1.235264
3.160651 -0.045157 -1.235264
3.160651 -0.045157 -1.235264
3.160651 -0.045157 -1.210401
3.160651 -0.045157 -1.110401
3.160651 -0.045157 -1.110401
3.160651 -0.045157 -1.010401
3.160651 -0.045157 -0.953916
3.160651 -0.045157 -0.941071
3.160651 -0.045157 -0.849773
3.160651 -0.045157 -0.749773
3.160651 -0.045157 -0.649773
3.160651 -0.045157 -0.549773
3.160651 -0.045157 -0.449773
3.160651 -0.045157 -0.412476
3.160651 -0.045157 -0.412476
3.160651 -0.045157 -0.324080
3.160651 -0.045157 -0.316208
3.160651 -0.045157 -0.266208
3.160651 -0.045157 -0.174910
3.160651 -0.045157 -0.174910
3.160651 -0.045157 -0.174910
3.160651 -0.045157 -0.174910
3.160651 -0.045157 -0.174910
3.160651 -0.045157 -0.174910
3.160651 -0.045157 -0.174910
3.160651 -0.045157 -0.174910
3.160651 -0.045157 -0.174910
3.160651 -0.045157 -0.174910
3.160651 -0.045157 -0.174910
3.160651 -0.045157 -0.174910
3.160651 -0.045157 -0.174910
3.160651 -0.045157 -0.174910
3.160651 -0.045157 -0.174910
3.160651 -0.045157 -0.174910
3.160651 -0.045157 -0.174910
3.160651 -0.045157 -0.174910
3.160651 -0.045157 -0.174910
3.160651 -0.045157 -0.174910
3.160651 -0.045157 -0.174910
3.160651 -0.045157 -0.174910
3.160651 -0.045157 -0.174910
3.160651 -0.045157 -0.174910
3.160651 -0.045157 -0.174910
3.160651 -0.045157 -0.174910
3.160651 -0.045157 -0.174910
3.160651 -0.045157 -0.174910
3.160651 -0.045157 -0.174910
3.160651 -0.045157 -0.174910
3.160651 -0.045157 -0.174910
3.160651 -0.045157 -0.174910
3.160651 -0.045157 -0.174910
3.160651 -0.045157 -0.174910
3.160651 -0.045157 -0.174910
3.160651 -0.045157 -0.174910
3.160651 -0.045157 -0.174910
3.160651 -0.045157 -0.174910
3.160651 -0.045157 -0.174910
3.160651 -0.045157 -0.174910
3.160651 -0.045157 -0.174910
3.160651 -0.045157 -0.174910
3.160651 -0.045157 -0.174910
3.160651 -0.045157 -0.174910
3.160651 -0.045157 -0.174910
3.160651 -0.045157 -0.174910
3.160651 -0.045157 -0.174910
3.160651 -0.045157 -0.174910
3.160651 -0.045157 -0.174910
3.160651 -0.045157 -0.174910
3.160651 -0.045157 -0.174910
3.160651 -0.045157 -0.174910
3.160651 -0.045157 -0.174910
3.160651 -0.045157 -0.174910
3.160651 -0.045157 -0.174910
3.160651 -0.045157 -0.174910
3.160651 -0.045157 -0.174910
3.160651 -0.045157 -0.174910
3.160651 -0.045157 -0.174910
3.160651 -0.045157 -0.174910
3.160651 -0.045157 -0.174910
3.160651 -0.045157 -0.174910
3.160651 -0.045157 -0.174910
3.160651 -0.045157 -0.174910
3.160651 -0.045157 -0.174910
3.160651 -0.045157 -0.174910
3.160651 -0.045157 -0.174910
3.160651 -0.045157 -0.174910
3.160651 -0.045157 -0.174910
3.160651 -0.045157 -0.174910
3.160651 -0.045157 -0.174910
3.160651 -0.045157 -0.174910
3.160651 -0.045157 -0.174910
3.160651 -0.045157 -0.174910
3.160651 -0.045157 -0.174910
3.160651 -0.045157 -0.174910
3.160651 -0.045157 -0.174910
3.160651 -0.045157 -0.174910
3.160651 -0.045157 -0.174910
3.160651 -0.045157 -0.174910
3.160651 -0.045157 -0.174910
3.160651 -0.045157 -0.174910
3.160651 -0.045157 -0.174910
3.160651 -0.045157 -0.174910
3.160651 -0.045157 -0.174910
3.160651 -0.045157 -0.174910
3.160651 -0.045157 -0.174910
3.160651 -0.045157 -0.174910
3.160651 -0.045157 -0.174910
3.160651 -0.045157 -0.174910
3.160651 -0.045157 -0.174910
3.160651 -0.045157 -0.174910
3.160651 -0.045157 -0.174910
3.160651 -0.045157 -0.174910
3.160651 -0.045157 -0.174910
3.160651 -0.045157 -0.174910
3.160651 -0.045157 -0.174910
3.160651 -0.045157 -0.174910
3.160651 -0.045157 -0.174910
3.160651 -0.045157 -0.174910
3.160651 -0.045157 -0.174910
3.160651 -0.045157 -0.174910
3.160651 -0.045157 -0.174910
3.160651 -0.045157 -0.174910
3.160651 -0.045157 -0.174910
3.160651 -0.045157 -0.174910
3.160651 -0.045157 -0.174910
3.160651 -0.045157 -0.174910
3.160651 -0.045157 -0.174910
3.160651 -0.045157 -0.174910
3.160651 -0.045157 -0.174910
3.160651 -0.045157 -0.174910
3.160651 -0.045157 -0.174910
3.160651 -0.045157 -0.174910
3.160651 -0.045157 -0.174910
3.160651 -0.045157 -0.174910
3.160651 -0.045157 -0.174910
3.160651 -0.045157 -0.174910
3.160651 -0.045157 -0.074910
3.160651 -0.045157 -0.074910
3.160651 -0.045157 -0.065380
3.160651 -0.045157 -0.065380
3.160651 -0.045157 -0.065380
3.160651 -0.045157 -0.065380
3.160651 -0.045157 -0.065380
3.160651 -0.045157 -0.065380
3.160651 -0.045157 -0.065380
3.160651 -0.045157 -0.065380
3.160651 -0.045157 -0.065380
3.160651 -0.045157 -0.065380
3.160651 -0.045157 -0.065380
3.160651 -0.045157 -0.065380
3.160651 -0.045157 -0.065380
3.160651 -0.045157 -0.065380
3.160651 -0.045157 -0.065380
3.160651 -0.045157 -0.065380
3.160651 -0.045157 -0.065380
3.160651 -0.045157 -0.065380
3.160651 -0.045157 -0.065380
3.160651 -0.045157 -0.065380
3.160651 -0.045157 -0.065380
3.160651 -0.045157 -0.065380
3.160651 -0.045157 -0.065380
3.160651 -0.045157 -0.065380
3.160651 -0.045157 -0.065380
3.160651 -0.045157 -0.065380
3.160651 -0.045157 -0.065380
3.160651 -0.045157 -0.065380
3.160651 -0.045157 -0.065380
3.160651 -0.045157 -0.065380
3.160651 -0.045157 -0.065380
3.160651 -0.045157 -0.065380
3.160651 -0.045157 -0.065380
3.160651 -0.045157 -0.065380
3.160651 -0.045157 -0.065380
3.160651 -0.045157 -0.065380
3.160651 -0.045157 -0.065380
3.160651 -0.045157 -0.065380
3.160651 -0.045157 -0.065380
3.160651 -0.045157 -0.065380
3.160651 -0.045157 -0.065380
3.160651 -0.045157 -0.065380
3.160651 -0.045157 -0.065380
3.160651 -0.045157 -0.065380
3.160651 -0.045157 -0.065380
3.160651 -0.045157 -0.065380
3.160651 -0.045157 -0.065380
3.160651 -0.045157 -0.065380
3.160651 -0.045157 -0.065380
3.160651 -0.045157 -0.065380
3.160651 -0.045157 -0.065380
3.160651 -0.045157 -0.065380
3.160651 -0.045157 -0.065380
3.160651 -0.045157 -0.065380
3.160651 -0.045157 -0.065380
3.160651 -0.045157 -0.065380
3.160651 -0.045157 -0.065380
3.160651 -0.045157 -0.065380
3.160651 -0.045157 -0.065380
3.160651 -0.045157 -0.065380
3.160651 -0.045157 -0.065380
3.160651 -0.045157 -0.065380
3.160651 -0.045157 -0.065380
3.160651 -0.045157 -0.065380
3.160651 -0.045157 -0.065380
3.160651 -0.045157 -0.065380
3.160651 -0.045157 -0.065380
3.160651 -0.045157 -0.065380
3.160651 -0.045157 -0.065380
3.160651 -0.045157 -0.065380
3.160651 -0.045157 -0.065380
3.160651 -0.045157 -0.065380
3.160651 -0.045157 -0.065380
3.160651 -0.045157 -0.065380
3.160651 -0.045157 -0.065380
3.160651 -0.045157 -0.065380
3.160651 -0.045157 -0.065380
3.160651 -0.045157 -0.065380
3.160651 -0.045157 -0.065380
3.160651 -0.045157 -0.065380
3.160651 -0.045157 -0.065380
3.160651 -0.045157 -0.065380
3.160651 -0.045157 -0.065380
3.160651 -0.045157 -0.065380
3.160651 -0.045157 -0.065380
3.160651 -0.045157 -0.065380
3.160651 -0.045157 -0.065380
3.160651 -0.045157 -0.065380
3.160651 -0.045157 -0.065380
3.160651 -0.045157 -0.065380
3.160651 -0.045157 -0.065380
3.160651 -0.045157 -0.065380
3.160651 -0.045157 -0.065380
3.160651 -0.045157 -0.065380
3.160651 -0.045157 -0.065380
3.160651 -0.045157 -0.065380
3.160651 -0.045157 -0.065380
3.160651 -0.045157 -0.065380
3.160651 -0.045157 -0.065380
3.160651 -0.045157 -0.065380
3.160651 -0.045157 -0.065380
3.160651 -0.045157 -0.065380
3.160651 -0.045157 -0.065380
3.160651 -0.045157 -0.065380
3.160651 -0.045157 -0.065380
3.160651 -0.045157 -0.065380
3.160651 -0.045157 -0.065380
3.160651 -0.045157 -0.065380
3.160651 -0.045157 -0.065380
3.160651 -0.045157 -0.065380
3.160651 -0.045157 -0.065380
3.160651 -0.045157 -0.065380
3.160651 -0.045157 -0.065380
3.160651 -0.045157 -0.065380
3.160651 -0.045157 -0.065380
3.160651 -0.045157 -0.065380
3.160651 -0.045157 -0.065380
3.160651 -0.045157 -0.065380
3.160651 -0.045157 -0.065380
3.160651 -0.045157 -0.065380
3.160651 -0.045157 -0.065380
3.160651 -0.045157 -0.065380
3.160651 -0.045157 -0.065380
3.160651 -0.045157 -0.065380
3.160651 -0.045157 -0.065380
3.160651 -0.045157 -0.065380
3.160651 -0.045157 -0.065380
3.160651 -0.045157 -0.065380
3.160651 -0.045157 -0.065380
3.160651 -0.045157 -0.065380
3.160651 -0.045157 -0.065380
3.160651 -0.045157 -0.065380
3.160651 -0.045157 -0.065380
3.160651 -0.045157 -0.065380
3.160651 -0.045157 -0.065380
3.160651 -0.045157 -0.065380
3.160651 -0.045157 -0.065380
3.160651 -0.045157 -0.065380
3.160651 -0.045157 -0.065380
3.160651 -0.045157 -0.065380
3.160651 -0.045157 -0.065380
3.160651 -0.045157 -0.065380
3.160651 -0.045157 -0.065380
3.160651 -0.045157 -0.065380
3.160651 -0.045157 -0.065380
3.160651 -0.045157 -0.065380
3.160651 -0.045157 -0.065380
3.160651 -0.045157 -0.065380
3.160651 -0.045157 -0.065380
3.160651 -0.045157 -0.065380
3.160651 -0.045157 -0.065380
3.160651 -0.045157 -0.065380
3.160651 -0.045157 -0.065380
3.160651 -0.045157 -0.065380
3.160651 -0.045157 -0.065380
3.160651 -0.045157 -0.065380
3.160651 -0.045157 -0.065380
3.160651 -0.045157 -0.065380
3.160651 -0.045157 -0.065380
3.160651 -0.045157 -0.065380
3.160651 -0.045157 -0.065380
3.160651 -0.045157 -0.065380
3.160651 -0.045157 -0.065380
3.160651 -0.045157 -0.065380
3.160651 -0.045157 -0.065380
3.160651 -0.045157 -0.065380
3.160651 -0.045157 -0.065380
3.160651 -0.045157 -0.065380
3.160651 -0.045157 -0.065380
3.160651 -0.045157 -0.065380
3.160651 -0.045157 -0.065380
3.160651 -0.045157 -0.065380
3.160651 -0.045157 -0.065380
3.160651 -0.045157 -0.065380
3.160651 -0.045157 -0.065380
3.160651 -0.045157 -0.065380
3.160651 -0.045157 -0.065380
3.160651 -0.045157 -0.065380
3.160651 -0.045157 -0.065380
3.160651 -0.045157 -0.065380
3.160651 -0.045157 -0.065380
3.160651 -0.045157 -0.065380
3.160651 -0.045157 -0.065380
3.160651 -0.045157 -0.065380
3.160651 -0.045157 -0.065380
3.160651 -0.045157 -0.065380
3.160651 -0.045157 -0.065380
3.160651 -0.045157 -0.065380
3.160651 -0.045157 -0.065380
3.160651 -0.045157 -0.065380
3.160651 -0.045157 -0.065380
3.160651 -0.045157 -0.065380
3.160651 -0.045157 -0.065380
3.160651 -0.045157 -0.065380
3.160651 -0.045157 -0.065380
3.160651 -0.045157 -0.065380
3.160651 -0.045157 -0.065380
3.160651 -0.045157 -0.065380
3.160651 -0.045157 -0.065380
3.160651 -0.045157 -0.065380
3.160651 -0.045157 -0.065380
3.160651 -0.045157 -0.065380
3.160651 -0.045157 -0.065380
3.160651 -0.045157 -0.065380
3.160651 -0.045157 -0.065380
3.160651 -0.045157 -0.065380
3.160651 -0.045157 -0.065380
3.160651 -0.045157 -0.065380
3.160651 -0.045157 -0.065380
3.160651 -0.045157 -0.065380
3.160651 -0.045157 -0.065380
3.160651 -0.045157 -0.065380
3.160651 -0.045157 -0.065380
3.160651 -0.045157 -0.065380
3.160651 -0.045157 -0.065380
3.160651 -0.045157 -0.065380
3.160651 -0.045157 -0.065380
3.160651 -0.045157 -0.065380
3.160651 -0.045157 -0.065380
3.160651 -0.045157 -0.065380
3.160651 -0.045157 -0.065380
3.160651 -0.045157 -0.065380
3.160651 -0.045157 -0.065380
3.160651 -0.045157 -0.065380
3.160651 -0.045157 -0.065380
3.160651 -0.045157 -0.065380
3.160651 -0.045157 -0.065380
3.160651 -0.045157 -0.065380
3.160651 -0.045157 -0.065380
3.160651 -0.045157 -0.065380
3.160651 -0.045157 -0.065380
3.160651 -0.045157 -0.065380
3.160651 -0.045157 -0.065380
3.160651 -0.045157 -0.065380
3.160651 -0.045157 -0.065380
3.160651 -0.045157 -0.065380
3.160651 -0.045157 -0.065380
3.160651 -0.045157 -0.065380
3.160651 -0.045157 -0.065380
3.160651 -0.045157 -0.065380
3.160651 -0.045157 -0.065380
3.160651 -0.045157 -0.065380
3.160651 -0.045157 -0.065380
3.160651 -0.045157 -0.065380
3.160651 -0.045157 -0.065380
3.160651 -0.045157 -0.065380
3.160651 -0.045157 -0.065380
3.160651 -0.045157 -0.065380
3.160651 -0.045157 -0.065380
3.160651 -0.045157 -0.065380
3.160651 -0.045157 -0.065380
3.160651 -0.045157 -0.065380
3.160651 -0.045157 -0.065380
3.160651 -0.045157 -0.065380
3.160651 -0.045157 -0.065380
3.160651 -0.045157 -0.065380
3.160651 -0.045157 -0.065380
