3.138451 -0.045157 -1.709567
3.138451 -0.045157 -1.709567
3.138451 -0.045157 -1.709567
3.138451 -0.045157 -1.709567
3.138451 -0.045157 -1.709567
3.138451 -0.045157 -1.709567
3.038451 -0.042925 -1.709567
2.938451 -0.042925 -1.709567
2.921249 -0.042925 -1.709567
2.921249 -0.042925 -1.709567
2.921249 -0.042925 -1.709567
2.921249 -0.042925 -1.709567
2.921249 -0.042925 -1.709567
2.921249 -0.042925 -1.709567
2.921249 -0.042925 -1.709567
2.921249 -0.042925 -1.709567
2.921249 -0.042925 -1.709567
2.921249 -0.042925 -1.709567
2.921249 -0.042925 -1.709567
2.921249 -0.042925 -1.709567
2.921249 -0.042925 -1.709567
2.921249 -0.042925 -1.709567
2.822502 -0.042925 -1.709567
2.822502 -0.042925 -1.709567
2.820277 -0.042925 -1.709567
2.820277 -0.042925 -1.709567
2.820277 -0.042925 -1.709567
2.903222 -0.042925 -1.709567
2.982007 -0.042925 -1.709567
2.982007 -0.042925 -1.709567
3.082007 -0.042925 -1.709567
3.082007 -0.042925 -1.709567
3.082007 -0.042925 -1.709567
3.182007 -0.042925 -1.709567
3.182007 -0.042925 -1.709567
3.182007 -0.042925 -1.709567
3.182007 -0.042925 -1.709567
3.182007 -0.042925 -1.709567
3.182007 -0.042925 -1.709567
3.182007 -0.042925 -1.709567
3.182007 -0.042925 -1.709567
3.182007 -0.042925 -1.709567
3.182007 -0.042925 -1.709567
3.182007 -0.042925 -1.709567
3.182007 -0.042925 -1.709567
3.182007 -0.042925 -1.709567
3.182007 -0.042925 -1.709567
3.182007 -0.042925 -1.709567
3.182007 -0.042925 -1.709567
3.182007 -0.042925 -1.709567
3.182007 -0.042925 -1.709567
3.182007 -0.042925 -1.709567
3.182007 -0.042925 -1.709567
3.182007 -0.042925 -1.709567
3.182007 -0.042925 -1.709567
3.182007 -0.042925 -1.709567
3.182007 -0.042925 -1.709567
3.182007 -0.042925 -1.709567
3.182007 -0.042925 -1.709567
3.182007 -0.042925 -1.709567
3.182007 -0.042925 -1.709567
3.182007 -0.042925 -1.709567
3.182007 -0.042925 -1.709567
3.182007 -0.042925 -1.709567
3.182007 -0.042925 -1.709567
3.182007 -0.042925 -1.709567
3.182007 -0.042925 -1.709567
3.182007 -0.042925 -1.709567
3.182007 -0.042925 -1.709567
3.182007 -0.042925 -1.709567
3.182007 -0.042925 -1.709567
3.182007 -0.042925 -1.709567
3.182007 -0.042925 -1.709567
3.182007 -0.042925 -1.709567
3.182007 -0.042925 -1.709567
3.182007 -0.042925 -1.709567
3.182007 -0.042925 -1.709567
3.182007 -0.042925 -1.709567
3.182007 -0.042925 -1.709567
3.182007 -0.042925 -1.709567
3.182007 -0.042925 -1.709567
3.182007 -0.042925 -1.709567
3.182007 -0.042925 -1.709567
3.182007 -0.042925 -1.709567
3.182007 -0.042925 -1.709567
3.182007 -0.042925 -1.709567
3.182007 -0.042925 -1.709567
3.182007 -0.042925 -1.709567
3.182007 -0.042925 -1.709567
3.182007 -0.042925 -1.709567
3.182007 -0.042925 -1.709567
3.182007 -0.042925 -1.709567
3.182007 -0.042925 -1.709567
3.182007 -0.042925 -1.709567
3.182007 -0.042925 -1.709567
3.182007 -0.042925 -1.709567
3.182007 -0.042925 -1.709567
3.182007 -0.042925 -1.709567
3.182007 -0.042925 -1.709567
3.182007 -0.042925 -1.709567
3.182007 -0.042925 -1.709567
3.182007 -0.042925 -1.709567
3.182007 -0.042925 -1.709567
3.182007 -0.042925 -1.709567
3.182007 -0.042925 -1.709567
3.182007 -0.042925 -1.709567
3.182007 -0.042925 -1.709567
3.182007 -0.042925 -1.709567
3.182007 -0.042925 -1.709567
3.182007 -0.042925 -1.709567
3.182007 -0.042925 -1.709567
3.182007 -0.042925 -1.709567
3.182007 -0.042925 -1.709567
3.182007 -0.042925 -1.709567
3.182007 -0.042925 -1.709567
3.182007 -0.042925 -1.709567
3.182007 -0.042925 -1.709567
3.182007 -0.042925 -1.709567
3.182007 -0.042925 -1.709567
3.182007 -0.042925 -1.709567
3.182007 -0.042925 -1.709567
3.182007 -0.042925 -1.709567
3.182007 -0.042925 -1.709567
3.182007 -0.042925 -1.709567
3.182007 -0.042925 -1.709567
3.182007 -0.042925 -1.709567
3.182007 -0.042925 -1.709567
3.182007 -0.042925 -1.709567
3.182007 -0.042925 -1.709567
3.182007 -0.042925 -1.709567
3.182007 -0.042925 -1.709567
3.182007 -0.042925 -1.709567
3.182007 -0.042925 -1.709567
3.182007 -0.042925 -1.709567
3.182007 -0.042925 -1.709567
3.182007 -0.042925 -1.709567
3.182007 -0.042925 -1.709567
3.182007 -0.042925 -1.709567
3.182007 -0.042925 -1.709567
3.182007 -0.042925 -1.709567
3.182007 -0.042925 -1.709567
3.182007 -0.042925 -1.709567
3.182007 -0.042925 -1.709567
3.182007 -0.042925 -1.709567
3.182007 -0.042925 -1.709567
3.182007 -0.042925 -1.709567
3.182007 -0.042925 -1.709567
3.182007 -0.042925 -1.709567
3.182007 -0.042925 -1.709567
3.182007 -0.042925 -1.709567
3.182007 -0.042925 -1.709567
3.182007 -0.042925 -1.709567
3.182007 -0.042925 -1.709567
3.182007 -0.042925 -1.709567
3.182007 -0.042925 -1.709567
3.182007 -0.042925 -1.709567
3.182007 -0.042925 -1.709567
3.182007 -0.042925 -1.709567
3.182007 -0.042925 -1.709567
3.182007 -0.042925 -1.709567
3.182007 -0.042925 -1.709567
3.182007 -0.042925 -1.709567
3.182007 -0.042925 -1.709567
3.182007 -0.042925 -1.709567
3.182007 -0.042925 -1.709567
3.182007 -0.042925 -1.709567
3.182007 -0.042925 -1.709567
3.182007 -0.042925 -1.709567
3.182007 -0.042925 -1.709567
3.182007 -0.042925 -1.709567
3.182007 -0.042925 -1.709567
3.182007 -0.042925 -1.709567
3.182007 -0.042925 -1.709567
3.182007 -0.042925 -1.709567
3.182007 -0.042925 -1.709567
3.182007 -0.042925 -1.709567
3.182007 -0.042925 -1.709567
3.182007 -0.042925 -1.709567
3.182007 -0.042925 -1.709567
3.182007 -0.042925 -1.727385
3.182007 -0.042925 -1.727385
3.182007 -0.042925 -1.737744
3.182007 -0.042925 -1.781671
3.182007 -0.042925 -1.781671
3.182007 -0.042925 -1.881671
3.182007 -0.042925 -1.881671
3.182007 -0.042925 -1.931671
3.182007 -0.042925 -1.955706
3.182007 -0.042925 -1.955706
3.182007 -0.042925 -1.955706
3.182007 -0.042925 -1.955706
3.182007 -0.042925 -1.955706
3.182007 -0.042925 -1.855706
3.182007 -0.042925 -1.855706
3.182007 -0.042925 -1.755706
3.182007 -0.042925 -1.705976
3.182007 -0.042925 -1.655976
3.182007 -0.042925 -1.612049
3.182007 -0.042925 -1.612049
3.182007 -0.042925 -1.612049
3.182007 -0.042925 -1.612049
3.182007 -0.042925 -1.612049
3.182007 -0.042925 -1.612049
3.182007 -0.042925 -1.612049
3.182007 -0.042925 -1.612049
3.182007 -0.042925 -1.538573
3.182007 -0.042925 -1.538573
3.182007 -0.042925 -1.538573
3.182007 -0.042925 -1.538573
3.182007 -0.042925 -1.538573
3.182007 -0.042925 -1.538573
3.182007 -0.042925 -1.538573
3.182007 -0.042925 -1.538573
3.182007 -0.042925 -1.538573
3.182007 -0.042925 -1.538573
3.182007 -0.042925 -1.538573
3.182007 -0.042925 -1.538573
3.182007 -0.042925 -1.538573
3.182007 -0.042925 -1.538573
3.182007 -0.042925 -1.538573
3.182007 -0.042925 -1.538573
3.182007 -0.042925 -1.538573
3.182007 -0.042925 -1.538573
3.182007 -0.042925 -1.538573
3.182007 -0.042925 -1.538573
3.182007 -0.042925 -1.538573
3.182007 -0.042925 -1.538573
3.182007 -0.042925 -1.538573
3.182007 -0.042925 -1.538573
3.182007 -0.042925 -1.538573
3.182007 -0.042925 -1.538573
3.182007 -0.042925 -1.538573
3.182007 -0.042925 -1.538573
3.182007 -0.042925 -1.538573
3.182007 -0.042925 -1.538573
3.182007 -0.042925 -1.538573
3.182007 -0.042925 -1.538573
3.182007 -0.042925 -1.538573
3.182007 -0.042925 -1.538573
3.182007 -0.042925 -1.538573
3.182007 -0.042925 -1.538573
3.182007 -0.042925 -1.538573
3.182007 -0.042925 -1.538573
3.182007 -0.042925 -1.538573
3.182007 -0.042925 -1.538573
3.182007 -0.042925 -1.538573
3.182007 -0.042925 -1.538573
3.182007 -0.042925 -1.538573
3.182007 -0.042925 -1.538573
3.182007 -0.042925 -1.538573
3.182007 -0.042925 -1.538573
3.182007 -0.042925 -1.538573
3.182007 -0.042925 -1.538573
3.182007 -0.042925 -1.538573
3.182007 -0.042925 -1.538573
3.182007 -0.042925 -1.538573
3.182007 -0.042925 -1.538573
3.182007 -0.042925 -1.538573
3.182007 -0.042925 -1.538573
3.182007 -0.042925 -1.538573
3.182007 -0.042925 -1.538573
3.182007 -0.042925 -1.538573
3.182007 -0.042925 -1.538573
3.182007 -0.042925 -1.538573
3.182007 -0.042925 -1.538573
3.182007 -0.042925 -1.538573
3.182007 -0.042925 -1.538573
3.182007 -0.042925 -1.538573
3.182007 -0.042925 -1.538573
3.182007 -0.042925 -1.538573
3.182007 -0.042925 -1.538573
3.182007 -0.042925 -1.538573
3.182007 -0.042925 -1.538573
3.182007 -0.042925 -1.538573
3.182007 -0.042925 -1.538573
3.182007 -0.042925 -1.538573
3.182007 -0.042925 -1.538573
3.182007 -0.042925 -1.538573
3.182007 -0.042925 -1.538573
3.182007 -0.042925 -1.538573
3.182007 -0.042925 -1.538573
3.182007 -0.042925 -1.538573
3.182007 -0.042925 -1.538573
3.182007 -0.042925 -1.538573
3.182007 -0.042925 -1.538573
3.182007 -0.042925 -1.538573
3.182007 -0.042925 -1.538573
3.182007 -0.042925 -1.538573
3.182007 -0.042925 -1.538573
3.182007 -0.042925 -1.538573
3.182007 -0.042925 -1.538573
3.182007 -0.042925 -1.538573
3.182007 -0.042925 -1.538573
3.182007 -0.042925 -1.538573
3.182007 -0.042925 -1.538573
3.182007 -0.042925 -1.538573
3.182007 -0.042925 -1.538573
3.182007 -0.042925 -1.538573
3.182007 -0.042925 -1.538573
3.182007 -0.042925 -1.538573
3.182007 -0.042925 -1.538573
3.182007 -0.042925 -1.538573
3.182007 -0.042925 -1.538573
3.182007 -0.042925 -1.538573
3.182007 -0.042925 -1.538573
3.182007 -0.042925 -1.538573
3.182007 -0.042925 -1.538573
3.182007 -0.042925 -1.538573
3.182007 -0.042925 -1.538573
3.182007 -0.042925 -1.538573
3.182007 -0.042925 -1.538573
3.182007 -0.042925 -1.538573
3.182007 -0.042925 -1.538573
3.182007 -0.042925 -1.538573
3.182007 -0.042925 -1.538573
3.182007 -0.042925 -1.538573
3.182007 -0.042925 -1.538573
3.182007 -0.042925 -1.538573
3.182007 -0.042925 -1.538573
3.182007 -0.042925 -1.538573
3.182007 -0.042925 -1.538573
3.182007 -0.042925 -1.538573
3.182007 -0.042925 -1.538573
3.182007 -0.042925 -1.538573
3.182007 -0.042925 -1.538573
3.282007 -0.042925 -1.538573
3.282007 -0.042925 -1.538573
3.282007 -0.042925 -1.538573
3.282007 -0.042925 -1.538573
3.282007 -0.042925 -1.538573
3.282007 -0.042925 -1.538573
3.282007 -0.042925 -1.538573
3.282007 -0.042925 -1.538573
3.282007 -0.042925 -1.538573
3.282007 -0.042925 -1.538573
3.282007 -0.042925 -1.538573
3.282007 -0.042925 -1.538573
3.282007 -0.042925 -1.538573
3.282007 -0.042925 -1.538573
3.282007 -0.042925 -1.538573
3.225697 -0.042925 -1.538573
3.225697 -0.042925 -1.538573
3.225697 -0.042925 -1.538573
3.225697 -0.042925 -1.538573
3.225697 -0.042925 -1.538573
3.225697 -0.042925 -1.538573
3.225697 -0.042925 -1.538573
3.225697 -0.042925 -1.538573
3.225697 -0.042925 -1.538573
3.225697 -0.042925 -1.538573
3.225697 -0.042925 -1.538573
3.225697 -0.042925 -1.538573
3.225697 -0.042925 -1.538573
3.225697 -0.042925 -1.538573
3.225697 -0.042925 -1.538573
3.225697 -0.042925 -1.538573
3.225697 -0.042925 -1.538573
3.225697 -0.042925 -1.538573
3.225697 -0.042925 -1.538573
3.225697 -0.042925 -1.538573
3.225697 -0.042925 -1.538573
3.225697 -0.042925 -1.538573
3.225697 -0.042925 -1.538573
3.225697 -0.042925 -1.538573
3.225697 -0.042925 -1.538573
3.225697 -0.042925 -1.538573
3.225697 -0.042925 -1.538573
3.225697 -0.042925 -1.538573
3.225697 -0.042925 -1.538573
3.225697 -0.042925 -1.538573
3.225697 -0.042925 -1.538573
3.225697 -0.042925 -1.538573
3.225697 -0.042925 -1.538573
3.225697 -0.042925 -1.538573
3.225697 -0.042925 -1.538573
3.225697 -0.042925 -1.538573
3.225697 -0.042925 -1.538573
3.225697 -0.042925 -1.538573
3.225697 -0.042925 -1.538573
3.225697 -0.042925 -1.538573
3.225697 -0.042925 -1.538573
3.225697 -0.042925 -1.538573
3.225697 -0.042925 -1.538573
3.225697 -0.042925 -1.523656
3.225697 -0.042925 -1.423656
3.225697 -0.042925 -1.423656
3.225697 -0.042925 -1.423656
3.225697 -0.042925 -1.323656
3.225697 -0.042925 -1.323656
3.225697 -0.042925 -1.268414
3.225697 -0.042925 -1.268414
3.225697 -0.042925 -1.268414
3.225697 -0.042925 -1.268414
3.225697 -0.042925 -1.268414
3.225697 -0.042925 -1.268414
3.225697 -0.042925 -1.168414
3.225697 -0.042925 -1.146037
3.225697 -0.042925 -1.120345
3.225697 -0.042925 -1.120345
3.225697 -0.042925 -1.120345
3.225697 -0.042925 -1.020345
3.225697 -0.042925 -0.970345
3.225697 -0.042925 -0.920345
3.225697 -0.042925 -0.920345
3.225697 -0.042925 -0.911644
3.225697 -0.042925 -0.811644
3.225697 -0.042925 -0.801286
3.225697 -0.042925 -0.701286
3.225697 -0.042925 -0.681810
3.225697 -0.042925 -0.581810
3.225697 -0.042925 -0.508334
3.225697 -0.042925 -0.429054
3.225697 -0.042925 -0.332784
3.225697 -0.042925 -0.282100
3.225697 -0.042925 -0.282100
3.225697 -0.042925 -0.258066
3.225697 -0.042925 -0.158066
3.225697 -0.042925 -0.141491
3.225697 -0.042925 -0.041491
3.225697 -0.042925 -0.011240
3.225697 -0.042925 0.088760
3.225697 -0.042925 0.106578
3.225697 -0.042925 0.106578
3.225697 -0.042925 0.106578
3.225697 -0.042925 0.106578
3.225697 -0.042925 0.106578
3.225697 -0.042925 0.106578
3.225697 -0.042925 0.106578
3.225697 -0.042925 0.106578
3.225697 -0.042925 0.106578
3.225697 -0.042925 0.106578
3.225697 -0.042925 0.106578
3.225697 -0.042925 0.106578
3.225697 -0.042925 0.106578
3.225697 -0.042925 0.106578
3.225697 -0.042925 0.106578
3.225697 -0.042925 0.106578
3.225697 -0.042925 0.106578
3.225697 -0.042925 0.106578
3.225697 -0.042925 0.106578
3.225697 -0.042925 0.106578
3.225697 -0.042925 0.106578
3.225697 -0.042925 0.106578
3.225697 -0.042925 0.106578
3.225697 -0.042925 0.106578
3.225697 -0.042925 0.106578
3.225697 -0.042925 0.106578
3.225697 -0.042925 0.106578
3.225697 -0.042925 0.106578
3.225697 -0.042925 0.106578
3.225697 -0.042925 0.106578
3.225697 -0.042925 0.106578
3.225697 -0.042925 0.106578
3.225697 -0.042925 0.106578
3.225697 -0.042925 0.106578
3.225697 -0.042925 0.106578
3.225697 -0.042925 0.106578
3.225697 -0.042925 0.106578
3.225697 -0.042925 0.106578
3.225697 -0.042925 0.106578
3.225697 -0.042925 0.106578
3.225697 -0.042925 0.106578
3.225697 -0.042925 0.106578
3.225697 -0.042925 0.106578
3.225697 -0.042925 0.106578
3.225697 -0.042925 0.106578
3.225697 -0.042925 0.106578
3.225697 -0.042925 0.106578
3.225697 -0.042925 0.106578
3.225697 -0.042925 0.106578
3.225697 -0.042925 0.106578
3.225697 -0.042925 0.106578
3.225697 -0.042925 0.106578
3.225697 -0.042925 0.106578
3.225697 -0.042925 0.106578
3.225697 -0.042925 0.106578
3.225697 -0.042925 0.106578
3.225697 -0.042925 0.106578
3.225697 -0.042925 0.106578
3.225697 -0.042925 0.106578
3.225697 -0.042925 0.106578
3.225697 -0.042925 0.106578
3.225697 -0.042925 0.106578
3.225697 -0.042925 0.106578
3.225697 -0.042925 0.106578
3.225697 -0.042925 0.106578
3.225697 -0.042925 0.106578
3.225697 -0.042925 0.106578
3.225697 -0.042925 0.106578
3.225697 -0.042925 0.106578
3.225697 -0.042925 0.106578
3.225697 -0.042925 0.106578
3.225697 -0.042925 0.106578
3.225697 -0.042925 0.106578
3.225697 -0.042925 0.106578
3.225697 -0.042925 0.106578
3.225697 -0.042925 0.106578
3.225697 -0.042925 0.106578
3.225697 -0.042925 0.106578
3.225697 -0.042925 0.106578
3.225697 -0.042925 0.106578
3.225697 -0.042925 0.106578
3.225697 -0.042925 0.106578
3.225697 -0.042925 0.106578
3.225697 -0.042925 0.106578
3.225697 -0.042925 0.106578
3.225697 -0.042925 0.106578
3.225697 -0.042925 0.106578
3.225697 -0.042925 0.106578
3.225697 -0.042925 0.106578
3.225697 -0.042925 0.106578
3.225697 -0.042925 0.106578
3.225697 -0.042925 0.106578
3.225697 -0.042925 0.106578
3.225697 -0.042925 0.106578
3.225697 -0.042925 0.106578
3.225697 -0.042925 0.106578
3.225697 -0.042925 0.106578
3.225697 -0.042925 0.106578
3.225697 -0.042925 0.106578
3.225697 -0.042925 0.106578
3.225697 -0.042925 0.106578
3.225697 -0.042925 0.106578
3.225697 -0.042925 0.106578
3.225697 -0.042925 0.106578
3.225697 -0.042925 0.106578
3.225697 -0.042925 0.106578
3.225697 -0.042925 0.106578
3.225697 -0.042925 0.106578
3.225697 -0.042925 0.106578
3.225697 -0.042925 0.106578
3.225697 -0.042925 0.106578
3.225697 -0.042925 0.106578
3.225697 -0.042925 0.106578
3.225697 -0.042925 0.106578
3.225697 -0.042925 0.106578
3.225697 -0.042925 0.106578
3.225697 -0.042925 0.106578
3.225697 -0.042925 0.106578
3.225697 -0.042925 0.106578
3.225697 -0.042925 0.106578
3.225697 -0.042925 0.106578
3.225697 -0.042925 0.106578
3.225697 -0.042925 0.106578
3.225697 -0.042925 0.106578
3.225697 -0.042925 0.106578
3.225697 -0.042925 0.106578
3.225697 -0.042925 0.106578
3.225697 -0.042925 0.106578
3.225697 -0.042925 0.106578
3.225697 -0.042925 0.106578
3.225697 -0.042925 0.106578
3.225697 -0.042925 0.106578
3.225697 -0.042925 0.106578
3.225697 -0.042925 0.106578
3.225697 -0.042925 0.106578
3.225697 -0.042925 0.106578
3.225697 -0.042925 0.106578
3.225697 -0.042925 0.106578
3.225697 -0.042925 0.106578
3.225697 -0.042925 0.106578
3.225697 -0.042925 0.106578
3.225697 -0.042925 0.106578
3.225697 -0.042925 0.106578
3.225697 -0.042925 0.106578
3.225697 -0.042925 0.106578
3.225697 -0.042925 0.106578
3.225697 -0.042925 0.106578
3.225697 -0.042925 0.106578
3.225697 -0.042925 0.106578
3.225697 -0.042925 0.106578
3.225697 -0.042925 0.106578
3.225697 -0.042925 0.106578
3.225697 -0.042925 0.106578
3.225697 -0.042925 0.106578
3.225697 -0.042925 0.106578
3.225697 -0.042925 0.106578
3.225697 -0.042925 0.106578
3.225697 -0.042925 0.106578
3.225697 -0.042925 0.106578
3.225697 -0.042925 0.106578
3.225697 -0.042925 0.106578
3.225697 -0.042925 0.106578
3.225697 -0.042925 0.106578
3.225697 -0.042925 0.106578
3.225697 -0.042925 0.106578
3.225697 -0.042925 0.106578
3.225697 -0.042925 0.106578
3.225697 -0.042925 0.106578
3.225697 -0.042925 0.106578
3.225697 -0.042925 0.106578
3.225697 -0.042925 0.106578
3.225697 -0.042925 0.106578
3.225697 -0.042925 0.106578
3.225697 -0.042925 0.106578
3.225697 -0.042925 0.106578
3.225697 -0.042925 0.106578
3.225697 -0.042925 0.106578
3.225697 -0.042925 0.106578
3.225697 -0.042925 0.106578
3.225697 -0.042925 0.106578
3.225697 -0.042925 0.106578
3.225697 -0.042925 0.106578
3.225697 -0.042925 0.106578
3.225697 -0.042925 0.106578
3.225697 -0.042925 0.106578
3.225697 -0.042925 0.009065
3.225697 -0.042925 -0.008753
3.225697 -0.042925 -0.108753
3.225697 -0.042925 -0.131130
3.225697 -0.042925 -0.231130
3.225697 -0.042925 -0.290930
3.225697 -0.042925 -0.364406
3.225697 -0.042925 -0.464406
3.225697 -0.042925 -0.530009
3.225697 -0.042925 -0.615505
3.225697 -0.042925 -0.715505
3.225697 -0.042925 -0.727521
3.225697 -0.042925 -0.827521
3.225697 -0.042925 -0.927521
3.225697 -0.042925 -0.977250
3.225697 -0.042925 -1.077250
3.225697 -0.042925 -1.137051
3.225697 -0.042925 -1.234564
3.225697 -0.042925 -1.334564
3.225697 -0.042925 -1.391050
3.225697 -0.042925 -1.469086
3.225697 -0.042925 -1.569086
3.225697 -0.042925 -1.593120
3.225697 -0.042925 -1.643120
3.225697 -0.042925 -1.643120
3.225697 -0.042925 -1.643120
3.225697 -0.042925 -1.643120
3.225697 -0.042925 -1.643120
3.225697 -0.042925 -1.643120
3.225697 -0.042925 -1.643120
3.225697 -0.042925 -1.643120
3.225697 -0.042925 -1.643120
3.225697 -0.042925 -1.643120
3.225697 -0.042925 -1.643120
3.225697 -0.042925 -1.643120
3.225697 -0.042925 -1.643120
3.225697 -0.042925 -1.643120
3.225697 -0.042925 -1.643120
3.225697 -0.042925 -1.643120
3.225697 -0.042925 -1.643120
3.225697 -0.042925 -1.643120
3.225697 -0.042925 -1.643120
3.225697 -0.042925 -1.643120
3.225697 -0.042925 -1.643120
3.225697 -0.042925 -1.643120
3.225697 -0.042925 -1.643120
3.225697 -0.042925 -1.643120
3.225697 -0.042925 -1.643120
3.225697 -0.042925 -1.643120
3.225697 -0.042925 -1.643120
3.225697 -0.042925 -1.643120
3.225697 -0.042925 -1.643120
3.225697 -0.042925 -1.643120
3.225697 -0.042925 -1.643120
3.225697 -0.042925 -1.643120
3.225697 -0.042925 -1.643120
3.225697 -0.042925 -1.643120
3.225697 -0.042925 -1.643120
3.225697 -0.042925 -1.643120
3.225697 -0.042925 -1.643120
3.225697 -0.042925 -1.643120
3.225697 -0.042925 -1.643120
3.225697 -0.042925 -1.643120
3.225697 -0.042925 -1.643120
3.225697 -0.042925 -1.643120
3.225697 -0.042925 -1.643120
3.225697 -0.042925 -1.643120
3.225697 -0.042925 -1.643120
3.225697 -0.042925 -1.643120
3.225697 -0.042925 -1.643120
3.225697 -0.042925 -1.643120
3.225697 -0.042925 -1.643120
3.225697 -0.042925 -1.643120
3.225697 -0.042925 -1.643120
3.225697 -0.042925 -1.643120
3.225697 -0.042925 -1.643120
3.225697 -0.042925 -1.643120
3.225697 -0.042925 -1.643120
3.225697 -0.042925 -1.643120
3.225697 -0.042925 -1.643120
3.225697 -0.042925 -1.643120
3.225697 -0.042925 -1.643120
3.225697 -0.042925 -1.643120
3.225697 -0.042925 -1.643120
3.225697 -0.042925 -1.643120
3.225697 -0.042925 -1.643120
3.225697 -0.042925 -1.643120
3.225697 -0.042925 -1.643120
3.225697 -0.042925 -1.643120
3.225697 -0.042925 -1.643120
3.225697 -0.042925 -1.643120
3.225697 -0.042925 -1.643120
3.225697 -0.042925 -1.643120
3.225697 -0.042925 -1.643120
3.225697 -0.042925 -1.643120
3.225697 -0.042925 -1.643120
3.225697 -0.042925 -1.643120
3.225697 -0.042925 -1.643120
3.225697 -0.042925 -1.643120
3.225697 -0.042925 -1.643120
3.225697 -0.042925 -1.643120
3.225697 -0.042925 -1.643120
3.225697 -0.042925 -1.643120
3.225697 -0.042925 -1.643120
3.225697 -0.042925 -1.643120
3.225697 -0.042925 -1.643120
3.225697 -0.042925 -1.643120
3.225697 -0.042925 -1.643120
3.225697 -0.042925 -1.643120
3.225697 -0.042925 -1.643120
3.225697 -0.042925 -1.643120
3.225697 -0.042925 -1.643120
3.225697 -0.042925 -1.643120
3.225697 -0.042925 -1.643120
3.225697 -0.042925 -1.643120
3.225697 -0.042925 -1.643120
3.225697 -0.042925 -1.643120
3.225697 -0.042925 -1.643120
3.225697 -0.042925 -1.643120
3.225697 -0.042925 -1.643120
3.225697 -0.042925 -1.643120
3.225697 -0.042925 -1.643120
3.225697 -0.042925 -1.643120
3.225697 -0.042925 -1.643120
3.225697 -0.042925 -1.643120
3.225697 -0.042925 -1.643120
3.225697 -0.042925 -1.643120
3.225697 -0.042925 -1.643120
3.225697 -0.042925 -1.643120
3.225697 -0.042925 -1.643120
3.225697 -0.042925 -1.643120
3.225697 -0.042925 -1.643120
3.225697 -0.042925 -1.643120
3.225697 -0.042925 -1.643120
3.225697 -0.042925 -1.643120
3.225697 -0.042925 -1.643120
3.225697 -0.042925 -1.643120
3.225697 -0.042925 -1.643120
3.225697 -0.042925 -1.643120
3.225697 -0.042925 -1.643120
3.225697 -0.042925 -1.643120
3.225697 -0.042925 -1.643120
3.225697 -0.042925 -1.643120
3.225697 -0.042925 -1.593120
3.225697 -0.042925 -1.593120
3.225697 -0.042925 -1.593120
3.225697 -0.042925 -1.550850
3.225697 -0.042925 -1.550850
3.225697 -0.042925 -1.550850
3.225697 -0.042925 -1.550850
3.225697 -0.042925 -1.500850
3.225697 -0.042925 -1.484276
3.225697 -0.042925 -1.484276
3.225697 -0.042925 -1.484276
3.225697 -0.042925 -1.484276
3.225697 -0.042925 -1.484276
3.225697 -0.042925 -1.484276
3.225697 -0.042925 -1.484276
3.225697 -0.042925 -1.484276
3.225697 -0.042925 -1.484276
3.225697 -0.042925 -1.484276
3.225697 -0.042925 -1.484276
3.225697 -0.042925 -1.484276
3.225697 -0.042925 -1.484276
3.225697 -0.042925 -1.484276
3.225697 -0.042925 -1.484276
3.225697 -0.042925 -1.484276
3.225697 -0.042925 -1.484276
3.225697 -0.042925 -1.484276
3.225697 -0.042925 -1.484276
3.225697 -0.042925 -1.484276
3.225697 -0.042925 -1.484276
3.225697 -0.042925 -1.484276
3.225697 -0.042925 -1.484276
3.225697 -0.042925 -1.484276
3.225697 -0.042925 -1.484276
3.225697 -0.042925 -1.484276
3.225697 -0.042925 -1.484276
3.225697 -0.042925 -1.484276
3.225697 -0.042925 -1.484276
3.225697 -0.042925 -1.484276
3.225697 -0.042925 -1.484276
3.225697 -0.042925 -1.484276
3.225697 -0.042925 -1.484276
3.225697 -0.042925 -1.484276
3.225697 -0.042925 -1.484276
3.225697 -0.042925 -1.484276
3.225697 -0.042925 -1.484276
3.225697 -0.042925 -1.484276
3.225697 -0.042925 -1.484276
3.225697 -0.042925 -1.484276
3.225697 -0.042925 -1.484276
3.225697 -0.042925 -1.484276
3.225697 -0.042925 -1.484276
3.225697 -0.042925 -1.484276
3.225697 -0.042925 -1.484276
3.225697 -0.042925 -1.484276
3.225697 -0.042925 -1.484276
3.225697 -0.042925 -1.484276
3.225697 -0.042925 -1.484276
3.225697 -0.042925 -1.484276
3.225697 -0.042925 -1.484276
3.225697 -0.042925 -1.484276
3.225697 -0.042925 -1.484276
3.225697 -0.042925 -1.484276
3.225697 -0.042925 -1.484276
3.225697 -0.042925 -1.484276
3.225697 -0.042925 -1.484276
3.225697 -0.042925 -1.484276
3.225697 -0.042925 -1.484276
3.225697 -0.042925 -1.484276
3.225697 -0.042925 -1.484276
3.225697 -0.042925 -1.484276
3.225697 -0.042925 -1.484276
3.225697 -0.042925 -1.484276
3.225697 -0.042925 -1.484276
3.225697 -0.042925 -1.484276
3.225697 -0.042925 -1.484276
3.225697 -0.042925 -1.484276
3.225697 -0.042925 -1.484276
3.225697 -0.042925 -1.484276
3.225697 -0.042925 -1.484276
3.225697 -0.042925 -1.484276
3.225697 -0.042925 -1.484276
3.225697 -0.042925 -1.484276
3.225697 -0.042925 -1.484276
3.225697 -0.042925 -1.484276
3.225697 -0.042925 -1.484276
3.225697 -0.042925 -1.484276
3.225697 -0.042925 -1.484276
3.225697 -0.042925 -1.484276
3.225697 -0.042925 -1.484276
3.225697 -0.042925 -1.484276
3.225697 -0.042925 -1.484276
3.225697 -0.042925 -1.484276
3.225697 -0.042925 -1.484276
3.225697 -0.042925 -1.484276
3.225697 -0.042925 -1.484276
3.225697 -0.042925 -1.484276
3.225697 -0.042925 -1.484276
3.225697 -0.042925 -1.484276
3.225697 -0.042925 -1.484276
3.225697 -0.042925 -1.484276
3.225697 -0.042925 -1.484276
3.225697 -0.042925 -1.484276
3.225697 -0.042925 -1.484276
3.225697 -0.042925 -1.484276
3.225697 -0.042925 -1.484276
3.225697 -0.042925 -1.484276
3.225697 -0.042925 -1.484276
3.225697 -0.042925 -1.484276
3.225697 -0.042925 -1.484276
3.225697 -0.042925 -1.484276
3.225697 -0.042925 -1.484276
3.225697 -0.042925 -1.484276
3.225697 -0.042925 -1.484276
3.225697 -0.042925 -1.484276
3.225697 -0.042925 -1.484276
3.225697 -0.042925 -1.484276
3.225697 -0.042925 -1.484276
3.225697 -0.042925 -1.484276
3.225697 -0.042925 -1.484276
3.225697 -0.042925 -1.484276
3.225697 -0.042925 -1.484276
3.225697 -0.042925 -1.484276
3.225697 -0.042925 -1.484276
3.225697 -0.042925 -1.484276
3.225697 -0.042925 -1.484276
3.225697 -0.042925 -1.484276
3.225697 -0.042925 -1.484276
3.225697 -0.042925 -1.484276
3.225697 -0.042925 -1.484276
3.225697 -0.042925 -1.484276
3.225697 -0.042925 -1.484276
3.225697 -0.042925 -1.484276
3.225697 -0.042925 -1.484276
3.225697 -0.042925 -1.484276
3.225697 -0.042925 -1.484276
3.225697 -0.042925 -1.484276
3.225697 -0.042925 -1.484276
3.225697 -0.042925 -1.484276
3.225697 -0.042925 -1.484276
3.225697 -0.042925 -1.484276
3.225697 -0.042925 -1.484276
3.225697 -0.042925 -1.484276
3.225697 -0.042925 -1.484276
3.225697 -0.042925 -1.484276
3.225697 -0.042925 -1.484276
3.225697 -0.042925 -1.484276
3.225697 -0.042925 -1.484276
3.225697 -0.042925 -1.484276
3.225697 -0.042925 -1.484276
3.225697 -0.042925 -1.484276
3.225697 -0.042925 -1.484276
3.225697 -0.042925 -1.484276
3.225697 -0.042925 -1.484276
3.225697 -0.042925 -1.484276
3.225697 -0.042925 -1.484276
3.225697 -0.042925 -1.484276
3.225697 -0.042925 -1.484276
3.225697 -0.042925 -1.466458
3.225697 -0.042925 -1.366458
3.225697 -0.042925 -1.366458
3.225697 -0.042925 -1.366458
3.225697 -0.042925 -1.291737
3.225697 -0.042925 -1.291737
3.225697 -0.042925 -1.241737
3.225697 -0.042925 -1.162457
3.225697 -0.042925 -1.162457
3.225697 -0.042925 -1.062457
3.225697 -0.042925 -1.049198
3.225697 -0.042925 -1.049198
3.225697 -0.042925 -0.949198
3.225697 -0.042925 -0.906928
3.225697 -0.042925 -0.890353
3.225697 -0.042925 -0.790353
3.225697 -0.042925 -0.787454
3.225697 -0.042925 -0.737454
3.225697 -0.042925 -0.737454
3.225697 -0.042925 -0.737454
3.225697 -0.042925 -0.637454
3.225697 -0.042925 -0.598085
3.225697 -0.042925 -0.535383
3.225697 -0.042925 -0.485383
3.225697 -0.042925 -0.385383
3.225697 -0.042925 -0.375025
3.225697 -0.042925 -0.275025
3.225697 -0.042925 -0.253891
3.225697 -0.042925 -0.153891
3.225697 -0.042925 -0.153891
3.225697 -0.042925 -0.053891
3.225697 -0.042925 -0.048091
3.225697 -0.042925 0.051909
3.225697 -0.042925 0.054808
3.225697 -0.042925 0.054808
3.225697 -0.042925 0.054808
3.225697 -0.042925 0.054808
3.225697 -0.042925 0.054808
3.225697 -0.042925 0.054808
3.225697 -0.042925 0.054808
3.225697 -0.042925 0.054808
3.225697 -0.042925 0.054808
3.225697 -0.042925 0.054808
3.225697 -0.042925 0.054808
3.225697 -0.042925 0.054808
3.225697 -0.042925 0.054808
3.225697 -0.042925 0.054808
3.225697 -0.042925 0.054808
3.225697 -0.042925 0.054808
3.225697 -0.042925 0.054808
3.225697 -0.042925 0.054808
3.225697 -0.042925 0.054808
3.225697 -0.042925 0.054808
3.225697 -0.042925 0.054808
3.225697 -0.042925 0.054808
3.225697 -0.042925 0.054808
3.225697 -0.042925 0.054808
3.225697 -0.042925 0.054808
3.225697 -0.042925 0.054808
3.225697 -0.042925 0.054808
3.225697 -0.042925 0.054808
3.225697 -0.042925 0.054808
3.225697 -0.042925 0.054808
3.225697 -0.042925 0.054808
3.225697 -0.042925 0.054808
3.225697 -0.042925 0.054808
3.225697 -0.042925 0.054808
3.225697 -0.042925 0.054808
3.225697 -0.042925 0.054808
3.225697 -0.042925 0.054808
3.225697 -0.042925 0.054808
3.225697 -0.042925 0.054808
3.225697 -0.042925 0.054808
3.225697 -0.042925 0.054808
3.225697 -0.042925 0.054808
3.225697 -0.042925 0.054808
3.225697 -0.042925 0.054808
3.225697 -0.042925 0.054808
3.225697 -0.042925 0.054808
3.225697 -0.042925 0.054808
3.225697 -0.042925 0.054808
3.225697 -0.042925 0.054808
3.225697 -0.042925 0.054808
3.225697 -0.042925 0.054808
3.225697 -0.042925 0.054808
3.225697 -0.042925 0.054808
3.225697 -0.042925 0.054808
3.225697 -0.042925 0.054808
3.225697 -0.042925 0.054808
3.225697 -0.042925 0.054808
3.225697 -0.042925 0.054808
3.225697 -0.042925 0.054808
3.225697 -0.042925 0.054808
3.225697 -0.042925 0.054808
3.225697 -0.042925 0.054808
3.225697 -0.042925 0.054808
3.225697 -0.042925 0.054808
3.225697 -0.042925 0.054808
3.225697 -0.042925 0.054808
3.225697 -0.042925 0.054808
3.225697 -0.042925 0.054808
3.225697 -0.042925 0.054808
3.225697 -0.042925 0.054808
3.225697 -0.042925 0.054808
3.225697 -0.042925 0.054808
3.225697 -0.042925 0.054808
3.225697 -0.042925 0.054808
3.225697 -0.042925 0.054808
3.225697 -0.042925 0.054808
3.225697 -0.042925 0.054808
3.225697 -0.042925 0.054808
3.225697 -0.042925 0.054808
3.225697 -0.042925 0.054808
3.225697 -0.042925 0.054808
3.225697 -0.042925 0.054808
3.225697 -0.042925 0.054808
3.225697 -0.042925 0.054808
3.225697 -0.042925 0.054808
3.225697 -0.042925 0.054808
3.225697 -0.042925 0.054808
3.225697 -0.042925 0.054808
3.225697 -0.042925 0.054808
3.225697 -0.042925 0.054808
3.225697 -0.042925 0.054808
3.225697 -0.042925 0.054808
3.225697 -0.042925 0.054808
3.225697 -0.042925 0.054808
3.225697 -0.042925 0.054808
3.225697 -0.042925 0.054808
3.225697 -0.042925 0.054808
3.225697 -0.042925 0.054808
3.225697 -0.042925 0.054808
3.225697 -0.042925 0.054808
3.225697 -0.042925 0.054808
