3.138451 -0.045157 -1.709567
3.138451 -0.045157 -1.709567
3.138451 -0.045157 -1.709567
3.138451 -0.045157 -1.709567
3.138451 -0.045157 -1.709567
3.138451 -0.045157 -1.709567
3.138451 -0.045157 -1.709567
3.138451 -0.045157 -1.709567
3.138451 -0.045157 -1.709567
3.138451 -0.045157 -1.709567
3.138451 -0.045157 -1.709567
3.138451 -0.045157 -1.709567
3.138451 -0.045157 -1.709567
3.138451 -0.045157 -1.709567
3.138451 -0.045157 -1.709567
3.138451 -0.045157 -1.709567
3.138451 -0.045157 -1.709567
3.138451 -0.045157 -1.709567
3.138451 -0.045157 -1.709567
3.138451 -0.045157 -1.709567
3.138451 -0.045157 -1.709567
3.138451 -0.045157 -1.709567
3.138451 -0.045157 -1.709567
3.138451 -0.045157 -1.709567
3.138451 -0.045157 -1.709567
3.138451 -0.045157 -1.709567
3.138451 -0.045157 -1.709567
3.138451 -0.045157 -1.709567
3.138451 -0.045157 -1.709567
3.138451 -0.045157 -1.709567
3.138451 -0.045157 -1.709567
3.138451 -0.045157 -1.709567
3.138451 -0.045157 -1.709567
3.138451 -0.045157 -1.709567
3.138451 -0.045157 -1.709567
3.138451 -0.045157 -1.709567
3.138451 -0.045157 -1.709567
3.138451 -0.045157 -1.709567
3.138451 -0.045157 -1.709567
3.138451 -0.045157 -1.709567
3.138451 -0.045157 -1.709567
3.138451 -0.045157 -1.709567
3.138451 -0.045157 -1.709567
3.138451 -0.045157 -1.709567
3.038451 -0.045157 -1.709567
3.038451 -0.045157 -1.709567
3.038451 -0.045157 -1.709567
3.038451 -0.045157 -1.709567
3.038451 -0.045157 -1.709567
3.038451 -0.045157 -1.709567
3.011265 -0.045157 -1.709567
3.011265 -0.045157 -1.709567
3.011265 -0.045157 -1.709567
3.111265 -0.045157 -1.709567
3.211265 -0.045157 -1.709567
3.311265 -0.038765 -1.709567
3.411265 -0.031541 -1.709567
3.381583 -0.031541 -1.709567
3.381583 -0.031541 -1.709567
3.381583 -0.031541 -1.709567
3.281583 -0.031541 -1.709567
3.281583 -0.031541 -1.709567
3.281583 -0.031541 -1.709567
3.281583 -0.031541 -1.709567
3.182836 -0.031541 -1.709567
3.182836 -0.031541 -1.709567
3.182836 -0.031541 -1.709567
3.182836 -0.031541 -1.709567
3.182836 -0.031541 -1.709567
3.182836 -0.031541 -1.709567
3.182836 -0.031541 -1.709567
3.182836 -0.031541 -1.709567
3.182836 -0.031541 -1.709567
3.182836 -0.031541 -1.709567
3.182836 -0.031541 -1.709567
3.182836 -0.031541 -1.709567
3.182836 -0.031541 -1.709567
3.182836 -0.031541 -1.709567
3.182836 -0.031541 -1.709567
3.182836 -0.031541 -1.709567
3.182836 -0.031541 -1.709567
3.182836 -0.031541 -1.709567
3.182836 -0.031541 -1.709567
3.182836 -0.031541 -1.709567
3.182836 -0.031541 -1.709567
3.182836 -0.031541 -1.709567
3.182836 -0.031541 -1.609567
3.182836 -0.031541 -1.609567
3.182836 -0.031541 -1.609567
3.182836 -0.031541 -1.609567
3.182836 -0.031541 -1.609567
3.182836 -0.031541 -1.609567
3.182836 -0.031541 -1.609567
3.182836 -0.031541 -1.609567
3.182836 -0.031541 -1.590921
3.182836 -0.031541 -1.500866
3.182836 -0.031541 -1.400866
3.182836 -0.031541 -1.400866
3.182836 -0.031541 -1.300866
3.182836 -0.031541 -1.300866
3.182836 -0.031541 -1.200866
3.182836 -0.031541 -1.150866
3.182836 -0.031541 -1.127661
3.182836 -0.031541 -1.127661
3.182836 -0.031541 -1.027661
3.182836 -0.031541 -0.966617
3.182836 -0.031541 -0.893555
3.182836 -0.031541 -0.893555
3.182836 -0.031541 -0.808060
3.182836 -0.031541 -0.708060
3.182836 -0.031541 -0.708060
3.182836 -0.031541 -0.630023
3.182836 -0.031541 -0.530023
3.182836 -0.031541 -0.430023
3.182836 -0.031541 -0.383195
3.182836 -0.031541 -0.363720
3.182836 -0.031541 -0.303919
3.182836 -0.031541 -0.203919
3.182836 -0.031541 -0.103919
3.182836 -0.031541 -0.067865
3.182836 -0.031541 -0.067865
3.182836 -0.031541 -0.067865
3.182836 -0.031541 -0.067865
3.182836 -0.031541 0.032135
3.182836 -0.031541 0.032135
3.182836 -0.031541 0.032135
3.182836 -0.031541 0.032135
3.182836 -0.031541 0.032135
3.182836 -0.031541 0.032135
3.182836 -0.031541 0.032135
3.182836 -0.031541 0.032135
3.182836 -0.031541 0.032135
3.182836 -0.031541 0.032135
3.182836 -0.031541 0.032135
3.182836 -0.031541 0.032135
3.182836 -0.031541 0.032135
3.182836 -0.031541 0.032135
3.182836 -0.031541 0.032135
3.182836 -0.031541 0.032135
3.182836 -0.031541 0.032135
3.182836 -0.031541 0.032135
3.182836 -0.031541 0.032135
3.182836 -0.031541 0.032135
3.182836 -0.031541 0.032135
3.182836 -0.031541 0.032135
3.182836 -0.031541 0.032135
3.182836 -0.031541 0.032135
3.182836 -0.031541 0.032135
3.182836 -0.031541 0.032135
3.182836 -0.031541 0.032135
3.182836 -0.031541 0.032135
3.182836 -0.031541 0.032135
3.182836 -0.031541 0.032135
3.182836 -0.031541 0.032135
3.182836 -0.031541 0.032135
3.182836 -0.031541 0.032135
3.182836 -0.031541 0.032135
3.182836 -0.031541 0.032135
3.182836 -0.031541 0.032135
3.182836 -0.031541 0.032135
3.182836 -0.031541 0.032135
3.182836 -0.031541 0.032135
3.182836 -0.031541 0.032135
3.182836 -0.031541 0.032135
3.182836 -0.031541 0.032135
3.182836 -0.031541 0.032135
3.182836 -0.031541 0.032135
3.182836 -0.031541 0.032135
3.182836 -0.031541 0.032135
3.182836 -0.031541 0.032135
3.182836 -0.031541 0.032135
3.182836 -0.031541 0.032135
3.182836 -0.031541 0.032135
3.182836 -0.031541 0.032135
3.182836 -0.031541 0.032135
3.182836 -0.031541 0.032135
3.182836 -0.031541 0.032135
3.182836 -0.031541 0.032135
3.182836 -0.031541 0.032135
3.182836 -0.031541 0.032135
3.182836 -0.031541 0.032135
3.182836 -0.031541 0.032135
3.182836 -0.031541 0.032135
3.182836 -0.031541 0.032135
3.182836 -0.031541 0.032135
3.182836 -0.031541 0.032135
3.182836 -0.031541 0.032135
3.182836 -0.031541 0.032135
3.182836 -0.031541 0.032135
3.182836 -0.031541 0.032135
3.182836 -0.031541 0.032135
3.182836 -0.031541 0.032135
3.182836 -0.031541 0.032135
3.182836 -0.031541 0.032135
3.182836 -0.031541 0.032135
3.182836 -0.031541 0.032135
3.182836 -0.031541 0.032135
3.182836 -0.031541 0.032135
3.182836 -0.031541 0.032135
3.182836 -0.031541 0.032135
3.182836 -0.031541 0.032135
3.182836 -0.031541 0.032135
3.182836 -0.031541 0.032135
3.182836 -0.031541 0.032135
3.182836 -0.031541 0.032135
3.182836 -0.031541 0.032135
3.182836 -0.031541 0.032135
3.182836 -0.031541 0.032135
3.182836 -0.031541 0.032135
3.182836 -0.031541 0.032135
3.182836 -0.031541 0.032135
3.182836 -0.031541 0.032135
3.182836 -0.031541 0.032135
3.182836 -0.031541 0.032135
3.182836 -0.031541 0.032135
3.182836 -0.031541 0.032135
3.182836 -0.031541 0.032135
3.182836 -0.031541 0.032135
3.182836 -0.031541 0.032135
3.182836 -0.031541 0.032135
3.182836 -0.031541 0.032135
3.182836 -0.031541 0.032135
3.182836 -0.031541 0.032135
3.182836 -0.031541 0.032135
3.182836 -0.031541 0.032135
3.182836 -0.031541 0.032135
3.182836 -0.031541 0.032135
3.182836 -0.031541 0.032135
3.182836 -0.031541 0.032135
3.182836 -0.031541 0.032135
3.182836 -0.031541 0.032135
3.182836 -0.031541 0.032135
3.182836 -0.031541 0.032135
3.182836 -0.031541 0.032135
3.182836 -0.031541 0.032135
3.182836 -0.031541 0.032135
3.182836 -0.031541 0.032135
3.182836 -0.031541 0.032135
3.182836 -0.031541 0.032135
3.182836 -0.031541 0.032135
3.182836 -0.031541 0.032135
3.182836 -0.031541 0.032135
3.182836 -0.031541 0.032135
3.182836 -0.031541 0.032135
3.182836 -0.031541 0.032135
3.182836 -0.031541 0.032135
3.182836 -0.031541 0.032135
3.182836 -0.031541 0.032135
3.182836 -0.031541 0.032135
3.182836 -0.031541 0.032135
3.182836 -0.031541 0.032135
3.182836 -0.031541 0.032135
3.182836 -0.031541 0.032135
3.182836 -0.031541 0.032135
3.182836 -0.031541 0.032135
3.182836 -0.031541 0.032135
3.182836 -0.031541 0.032135
3.182836 -0.031541 0.032135
3.182836 -0.031541 0.032135
3.182836 -0.031541 0.032135
3.182836 -0.031541 0.032135
3.182836 -0.031541 0.032135
3.182836 -0.031541 0.032135
3.182836 -0.031541 0.032135
3.182836 -0.031541 0.032135
3.182836 -0.031541 0.032135
3.182836 -0.031541 0.032135
3.182836 -0.031541 0.032135
3.182836 -0.031541 0.032135
3.182836 -0.031541 0.032135
3.182836 -0.031541 0.032135
3.182836 -0.031541 0.032135
3.182836 -0.031541 0.032135
3.182836 -0.031541 0.032135
3.182836 -0.031541 0.032135
3.182836 -0.031541 0.032135
3.182836 -0.031541 0.032135
3.182836 -0.031541 0.032135
3.182836 -0.031541 0.032135
3.182836 -0.031541 0.032135
3.182836 -0.031541 0.032135
3.182836 -0.031541 0.032135
3.182836 -0.031541 0.032135
3.182836 -0.031541 0.032135
3.182836 -0.031541 0.032135
3.182836 -0.031541 0.032135
3.182836 -0.031541 0.032135
3.182836 -0.031541 0.032135
3.182836 -0.031541 0.032135
3.182836 -0.031541 0.032135
3.182836 -0.031541 0.032135
3.182836 -0.031541 0.032135
3.182836 -0.031541 0.032135
3.182836 -0.031541 0.032135
3.182836 -0.031541 0.032135
3.182836 -0.031541 0.032135
3.182836 -0.031541 0.032135
3.182836 -0.031541 0.032135
3.182836 -0.031541 0.032135
3.182836 -0.031541 0.032135
3.182836 -0.031541 0.032135
3.182836 -0.031541 0.032135
3.182836 -0.031541 0.032135
3.182836 -0.031541 0.032135
3.182836 -0.031541 0.032135
3.182836 -0.031541 0.032135
3.182836 -0.031541 0.032135
3.182836 -0.031541 0.032135
3.182836 -0.031541 0.032135
3.182836 -0.031541 0.032135
3.182836 -0.031541 0.032135
3.182836 -0.031541 0.032135
3.182836 -0.031541 0.032135
3.182836 -0.031541 0.032135
3.182836 -0.031541 0.032135
3.182836 -0.031541 0.032135
3.182836 -0.031541 0.032135
3.182836 -0.031541 0.032135
3.182836 -0.031541 0.032135
3.182836 -0.031541 0.032135
3.182836 -0.031541 0.032135
3.182836 -0.031541 0.032135
3.182836 -0.031541 0.032135
3.182836 -0.031541 0.032135
3.182836 -0.031541 0.032135
3.182836 -0.031541 0.032135
3.182836 -0.031541 0.032135
3.182836 -0.031541 0.032135
3.182836 -0.031541 0.032135
3.182836 -0.031541 0.032135
3.182836 -0.031541 0.032135
3.182836 -0.031541 0.032135
3.182836 -0.031541 0.032135
3.182836 -0.031541 0.032135
3.182836 -0.031541 0.032135
3.182836 -0.031541 0.032135
3.182836 -0.031541 0.032135
3.182836 -0.031541 0.032135
3.182836 -0.031541 0.032135
3.182836 -0.031541 0.032135
3.182836 -0.031541 0.032135
3.182836 -0.031541 0.032135
3.182836 -0.031541 0.032135
3.182836 -0.031541 0.032135
3.182836 -0.031541 0.032135
3.182836 -0.031541 0.032135
3.182836 -0.031541 0.032135
3.182836 -0.031541 0.032135
3.182836 -0.031541 0.032135
3.182836 -0.031541 0.032135
3.182836 -0.031541 0.032135
3.182836 -0.031541 0.032135
3.182836 -0.031541 0.032135
3.182836 -0.031541 0.032135
3.182836 -0.031541 0.032135
3.182836 -0.031541 0.032135
3.182836 -0.031541 0.032135
3.182836 -0.031541 0.032135
3.182836 -0.031541 0.032135
3.182836 -0.031541 0.032135
3.182836 -0.031541 0.032135
3.182836 -0.031541 0.032135
3.182836 -0.031541 0.032135
3.182836 -0.031541 0.032135
3.182836 -0.031541 0.032135
3.182836 -0.031541 0.032135
3.182836 -0.031541 0.032135
3.182836 -0.031541 0.032135
3.182836 -0.031541 0.032135
3.182836 -0.031541 0.032135
3.182836 -0.031541 0.032135
3.182836 -0.031541 0.032135
3.182836 -0.031541 0.032135
3.182836 -0.031541 0.032135
3.182836 -0.031541 0.032135
3.182836 -0.031541 0.032135
3.182836 -0.031541 0.032135
3.182836 -0.031541 0.032135
3.182836 -0.031541 0.032135
3.182836 -0.031541 0.032135
3.182836 -0.031541 0.032135
3.182836 -0.031541 0.032135
3.182836 -0.031541 0.032135
3.182836 -0.031541 0.032135
3.182836 -0.031541 0.032135
3.182836 -0.031541 0.032135
3.182836 -0.031541 0.032135
3.182836 -0.031541 0.032135
3.182836 -0.031541 0.032135
3.182836 -0.031541 0.032135
3.182836 -0.031541 0.032135
3.182836 -0.031541 0.032135
3.182836 -0.031541 0.032135
3.182836 -0.031541 0.032135
3.182836 -0.031541 0.032135
3.182836 -0.031541 0.032135
3.182836 -0.031541 0.032135
3.182836 -0.031541 0.032135
3.182836 -0.031541 0.032135
3.182836 -0.031541 0.032135
3.182836 -0.031541 0.032135
3.182836 -0.031541 0.032135
3.182836 -0.031541 0.032135
3.182836 -0.031541 0.032135
3.182836 -0.031541 0.032135
3.182836 -0.031541 0.032135
3.182836 -0.031541 0.032135
3.182836 -0.031541 0.032135
3.182836 -0.031541 0.032135
3.182836 -0.031541 0.032135
3.182836 -0.031541 0.032135
3.182836 -0.031541 0.032135
3.182836 -0.031541 0.032135
3.182836 -0.031541 0.032135
3.182836 -0.031541 0.032135
3.182836 -0.031541 0.032135
3.182836 -0.031541 0.032135
3.182836 -0.031541 0.032135
3.182836 -0.031541 0.032135
3.182836 -0.031541 0.032135
3.182836 -0.031541 0.032135
3.182836 -0.031541 0.032135
3.182836 -0.031541 0.032135
3.182836 -0.031541 0.032135
3.182836 -0.031541 0.032135
3.182836 -0.031541 0.032135
3.182836 -0.031541 0.032135
3.182836 -0.031541 0.032135
3.182836 -0.031541 0.032135
3.182836 -0.031541 0.032135
3.182836 -0.031541 0.032135
3.182836 -0.031541 0.032135
3.182836 -0.031541 0.032135
3.182836 -0.031541 0.032135
3.182836 -0.031541 0.032135
3.182836 -0.031541 0.032135
3.182836 -0.031541 0.032135
3.182836 -0.031541 0.032135
3.182836 -0.031541 0.032135
3.182836 -0.031541 0.032135
3.182836 -0.031541 0.032135
3.182836 -0.031541 0.032135
3.182836 -0.031541 0.032135
3.182836 -0.031541 0.032135
3.182836 -0.031541 0.032135
3.182836 -0.031541 0.032135
3.182836 -0.031541 0.032135
3.182836 -0.031541 0.032135
3.182836 -0.031541 0.032135
3.182836 -0.031541 0.032135
3.182836 -0.031541 0.032135
3.182836 -0.031541 0.032135
3.182836 -0.031541 0.032135
3.182836 -0.031541 0.032135
3.182836 -0.031541 0.032135
3.182836 -0.031541 0.032135
3.182836 -0.031541 0.032135
3.182836 -0.031541 0.032135
3.182836 -0.031541 0.032135
3.182836 -0.031541 0.032135
3.182836 -0.031541 0.032135
3.182836 -0.031541 0.032135
3.182836 -0.031541 0.032135
3.182836 -0.031541 0.032135
3.182836 -0.031541 0.032135
3.182836 -0.031541 0.032135
3.182836 -0.031541 0.032135
3.182836 -0.031541 0.032135
3.182836 -0.031541 0.032135
3.182836 -0.031541 0.032135
3.182836 -0.031541 0.032135
3.182836 -0.031541 0.032135
3.182836 -0.031541 0.032135
3.182836 -0.031541 0.032135
3.182836 -0.031541 0.032135
3.182836 -0.031541 0.032135
3.182836 -0.031541 0.032135
3.182836 -0.031541 0.032135
3.182836 -0.031541 0.032135
3.182836 -0.031541 0.032135
3.182836 -0.031541 0.032135
3.182836 -0.031541 0.032135
3.182836 -0.031541 0.032135
3.182836 -0.031541 0.032135
3.182836 -0.031541 0.032135
3.182836 -0.031541 0.032135
3.182836 -0.031541 0.032135
3.182836 -0.031541 0.032135
3.182836 -0.031541 0.032135
3.182836 -0.031541 0.032135
3.182836 -0.031541 0.032135
3.182836 -0.031541 0.032135
3.182836 -0.031541 0.032135
3.182836 -0.031541 0.032135
3.182836 -0.031541 0.032135
3.182836 -0.031541 0.032135
3.182836 -0.031541 0.032135
3.182836 -0.031541 0.032135
3.182836 -0.031541 0.032135
3.182836 -0.031541 0.032135
3.182836 -0.031541 0.032135
3.182836 -0.031541 0.032135
3.182836 -0.031541 0.032135
3.182836 -0.031541 0.032135
3.182836 -0.031541 0.032135
3.182836 -0.031541 0.032135
3.182836 -0.031541 0.032135
3.182836 -0.031541 0.032135
3.182836 -0.031541 0.032135
3.182836 -0.031541 0.032135
3.182836 -0.031541 0.032135
3.182836 -0.031541 0.032135
3.182836 -0.031541 0.032135
3.182836 -0.031541 0.032135
3.182836 -0.031541 0.032135
3.182836 -0.031541 0.032135
3.182836 -0.031541 0.032135
3.182836 -0.031541 0.032135
3.182836 -0.031541 0.032135
3.182836 -0.031541 0.032135
3.182836 -0.031541 0.032135
3.182836 -0.031541 0.032135
3.182836 -0.031541 0.032135
3.182836 -0.031541 0.032135
3.182836 -0.031541 0.032135
3.182836 -0.031541 0.032135
3.182836 -0.031541 0.032135
3.182836 -0.031541 0.032135
3.182836 -0.031541 0.032135
3.182836 -0.031541 0.032135
3.182836 -0.031541 0.032135
3.182836 -0.031541 0.032135
3.182836 -0.031541 0.032135
3.182836 -0.031541 0.032135
3.182836 -0.031541 0.032135
3.182836 -0.031541 0.032135
3.182836 -0.031541 0.032135
3.182836 -0.031541 0.032135
3.182836 -0.031541 0.032135
3.182836 -0.031541 0.032135
3.182836 -0.031541 0.032135
3.182836 -0.031541 0.032135
3.182836 -0.031541 0.032135
3.182836 -0.031541 0.032135
3.182836 -0.031541 0.032135
3.182836 -0.031541 0.032135
3.182836 -0.031541 0.032135
3.182836 -0.031541 0.032135
3.182836 -0.031541 0.032135
3.182836 -0.031541 0.032135
3.182836 -0.031541 0.032135
3.182836 -0.031541 0.032135
3.182836 -0.031541 0.032135
3.182836 -0.031541 0.032135
3.182836 -0.031541 0.032135
3.182836 -0.031541 0.032135
3.182836 -0.031541 0.032135
3.182836 -0.031541 0.032135
3.182836 -0.031541 0.032135
3.182836 -0.031541 0.032135
3.182836 -0.031541 0.032135
3.182836 -0.031541 0.032135
3.182836 -0.031541 0.032135
3.182836 -0.031541 0.032135
3.182836 -0.031541 0.032135
3.182836 -0.031541 0.032135
3.182836 -0.031541 0.032135
3.182836 -0.031541 0.032135
3.182836 -0.031541 0.032135
3.182836 -0.031541 0.032135
3.182836 -0.031541 0.032135
3.182836 -0.031541 0.032135
3.182836 -0.031541 0.032135
3.182836 -0.031541 0.032135
3.182836 -0.031541 0.032135
3.182836 -0.031541 0.032135
3.182836 -0.031541 0.032135
3.182836 -0.031541 0.032135
3.182836 -0.031541 0.032135
3.182836 -0.031541 0.032135
3.182836 -0.031541 0.032135
3.182836 -0.031541 0.032135
