3.038451 -0.098971 -1.709567
3.038451 -0.098971 -1.709567
3.038451 -0.098971 -1.709567
3.038451 -0.098971 -1.709567
3.038451 -0.098971 -1.709567
3.038451 -0.081763 -1.709567
2.997949 0.018237 -1.709567
2.905858 0.072890 -1.709567
2.905858 -0.027110 -1.709567
2.966335 -0.127110 -1.709567
3.066335 -0.127110 -1.709567
3.128476 -0.034181 -1.709567
3.071334 0.062909 -1.709567
2.971334 0.062909 -1.709567
2.876747 -0.007550 -1.709567
2.876747 -0.107550 -1.709567
2.973836 -0.157204 -1.709567
3.073836 -0.100055 -1.709567
3.100197 -0.000055 -1.709567
3.070515 0.099945 -1.709567
2.986744 0.178730 -1.709567
2.892157 0.245034 -1.709567
2.792157 0.220344 -1.709567
2.702562 0.148222 -1.709567
2.620456 0.065284 -1.709567
2.545838 -0.021815 -1.709567
2.473716 -0.110578 -1.709567
2.473716 -0.110578 -1.709567
2.473716 -0.110578 -1.709567
2.473716 -0.110578 -1.709567
2.410749 -0.204333 -1.709567
2.481213 -0.284775 -1.709567
2.581213 -0.284775 -1.709567
2.681213 -0.233451 -1.709567
2.766654 -0.155498 -1.709567
2.841279 -0.068393 -1.709567
2.914240 0.019544 -1.709567
2.914240 0.019544 -1.709567
2.914240 0.019544 -1.709567
2.914240 0.019544 -1.709567
2.914240 0.019544 -1.709567
2.914240 0.019544 -1.709567
2.914240 0.019544 -1.709567
2.914240 0.019544 -1.709567
2.998849 0.090009 -1.709567
2.998849 0.090009 -1.662325
2.998849 0.090009 -1.596308
2.998849 0.090009 -1.511641
2.998849 0.090009 -1.411641
2.998849 0.090009 -1.411641
2.998849 0.090009 -1.411641
2.998849 0.090009 -1.411641
2.998849 0.090009 -1.411641
2.974159 0.090009 -1.311641
2.874159 0.098065 -1.211641
2.779572 0.025943 -1.111641
2.847540 -0.056996 -1.011641
2.847540 0.043004 -0.911641
2.747540 0.043004 -0.814128
2.682078 -0.049919 -0.726145
2.782078 -0.091253 -0.650596
2.782078 -0.091253 -0.650596
2.782078 -0.091253 -0.650596
2.782078 -0.091253 -0.650596
2.782078 -0.091253 -0.650596
2.782078 -0.091253 -0.650596
2.782078 -0.091253 -0.650596
2.782078 -0.091253 -0.650596
2.782078 -0.091253 -0.650596
2.782078 -0.091253 -0.650596
2.782078 -0.091253 -0.650596
2.782078 -0.091253 -0.650596
