0.316231 -1.645617 0.626198
0.316231 -1.645617 0.626198
0.316231 -1.645617 0.626198
0.316231 -1.645617 0.626198
0.316231 -1.645617 0.626198
0.316231 -1.645617 0.626198
0.316231 -1.645617 0.626198
0.316231 -1.645617 0.626198
0.316231 -1.645617 0.626198
0.316231 -1.645617 0.626198
0.316231 -1.645617 0.626198
0.316231 -1.645617 0.626198
0.316231 -1.645617 0.626198
0.316231 -1.645617 0.626198
0.316231 -1.645617 0.626198
0.316231 -1.645617 0.626198
0.316231 -1.645617 0.626198
0.316231 -1.645617 0.626198
0.316231 -1.645617 0.626198
0.316231 -1.645617 0.626198
0.316231 -1.645617 0.626198
0.316231 -1.645617 0.626198
0.316231 -1.645617 0.626198
0.316231 -1.645617 0.626198
0.316231 -1.645617 0.626198
0.316231 -1.645617 0.626198
0.316231 -1.645617 0.626198
0.316231 -1.645617 0.626198
0.316231 -1.645617 0.626198
0.316231 -1.645617 0.626198
0.316231 -1.645617 0.626198
0.316231 -1.645617 0.626198
0.316231 -1.645617 0.626198
0.316231 -1.645617 0.626198
0.316231 -1.645617 0.626198
0.316231 -1.645617 0.626198
0.316231 -1.645617 0.626198
0.316231 -1.645617 0.626198
0.316231 -1.645617 0.626198
0.316231 -1.645617 0.626198
0.316231 -1.645617 0.626198
0.316231 -1.645617 0.626198
0.316231 -1.645617 0.626198
0.316231 -1.645617 0.626198
0.316231 -1.645617 0.626198
0.316231 -1.645617 0.626198
0.316231 -1.645617 0.626198
0.316231 -1.645617 0.626198
0.316231 -1.645617 0.626198
0.316231 -1.645617 0.626198
0.316231 -1.645617 0.626198
0.316231 -1.645617 0.626198
0.316231 -1.645617 0.626198
0.316231 -1.645617 0.626198
0.316231 -1.645617 0.626198
0.316231 -1.645617 0.626198
0.316231 -1.645617 0.626198
0.316231 -1.645617 0.626198
0.316231 -1.645617 0.626198
0.316231 -1.645617 0.626198
0.316231 -1.645617 0.626198
0.316231 -1.645617 0.626198
0.316231 -1.645617 0.626198
0.316231 -1.645617 0.626198
0.316231 -1.645617 0.626198
0.316231 -1.645617 0.626198
0.316231 -1.645617 0.626198
0.316231 -1.645617 0.626198
0.316231 -1.645617 0.626198
0.316231 -1.645617 0.626198
0.316231 -1.645617 0.626198
0.316231 -1.645617 0.626198
0.316231 -1.645617 0.626198
0.316231 -1.645617 0.626198
0.316231 -1.645617 0.626198
0.316231 -1.645617 0.626198
0.316231 -1.645617 0.626198
0.316231 -1.645617 0.626198
0.316231 -1.645617 0.626198
0.316231 -1.645617 0.626198
0.316231 -1.645617 0.626198
0.316231 -1.645617 0.626198
0.316231 -1.645617 0.626198
0.316231 -1.645617 0.626198
0.316231 -1.645617 0.626198
0.316231 -1.645617 0.626198
0.316231 -1.645617 0.626198
0.316231 -1.645617 0.626198
0.316231 -1.645617 0.626198
0.316231 -1.645617 0.626198
0.316231 -1.645617 0.626198
0.316231 -1.645617 0.626198
0.316231 -1.645617 0.626198
0.316231 -1.645617 0.626198
0.316231 -1.645617 0.626198
0.316231 -1.645617 0.626198
0.316231 -1.645617 0.626198
0.316231 -1.645617 0.626198
0.316231 -1.645617 0.626198
0.316231 -1.645617 0.626198
0.316231 -1.645617 0.626198
0.316231 -1.645617 0.626198
0.316231 -1.645617 0.626198
0.316231 -1.645617 0.626198
0.316231 -1.645617 0.626198
0.316231 -1.645617 0.626198
0.316231 -1.645617 0.626198
0.316231 -1.645617 0.626198
0.316231 -1.645617 0.626198
0.316231 -1.645617 0.626198
0.316231 -1.645617 0.626198
0.316231 -1.645617 0.626198
0.316231 -1.645617 0.626198
0.316231 -1.645617 0.626198
0.316231 -1.645617 0.626198
0.316231 -1.645617 0.626198
0.316231 -1.645617 0.626198
0.316231 -1.645617 0.626198
0.316231 -1.645617 0.626198
0.316231 -1.645617 0.626198
0.316231 -1.645617 0.626198
0.316231 -1.645617 0.626198
0.316231 -1.645617 0.626198
0.316231 -1.645617 0.626198
0.316231 -1.645617 0.626198
0.316231 -1.645617 0.626198
0.316231 -1.645617 0.626198
0.316231 -1.645617 0.626198
0.316231 -1.645617 0.626198
0.316231 -1.645617 0.626198
0.316231 -1.645617 0.626198
0.316231 -1.645617 0.626198
0.316231 -1.645617 0.626198
0.316231 -1.645617 0.626198
0.316231 -1.645617 0.626198
0.316231 -1.645617 0.626198
0.316231 -1.645617 0.626198
0.316231 -1.645617 0.626198
0.316231 -1.645617 0.626198
0.316231 -1.645617 0.626198
0.316231 -1.645617 0.626198
0.316231 -1.645617 0.626198
0.316231 -1.645617 0.626198
0.316231 -1.645617 0.626198
0.316231 -1.645617 0.626198
0.316231 -1.645617 0.626198
0.316231 -1.645617 0.626198
0.316231 -1.645617 0.626198
0.316231 -1.645617 0.626198
0.316231 -1.645617 0.626198
0.316231 -1.645617 0.626198
0.316231 -1.645617 0.626198
0.316231 -1.645617 0.626198
0.316231 -1.645617 0.626198
0.316231 -1.645617 0.626198
0.316231 -1.645617 0.626198
0.316231 -1.645617 0.626198
0.316231 -1.645617 0.626198
0.316231 -1.645617 0.626198
0.316231 -1.645617 0.626198
0.316231 -1.645617 0.626198
0.316231 -1.645617 0.626198
0.316231 -1.645617 0.626198
0.316231 -1.645617 0.626198
0.316231 -1.645617 0.626198
0.316231 -1.645617 0.626198
0.316231 -1.645617 0.626198
0.316231 -1.645617 0.626198
0.316231 -1.645617 0.626198
0.316231 -1.645617 0.626198
0.316231 -1.645617 0.626198
0.316231 -1.645617 0.626198
0.316231 -1.645617 0.626198
0.246519 -1.655252 0.597346
0.240267 -1.656103 0.590624
0.240267 -1.656103 0.590624
0.277054 -1.650978 0.592949
0.289107 -1.649307 0.596404
0.289107 -1.649307 0.596404
0.289107 -1.649307 0.596404
0.328735 -1.643914 0.639642
0.381142 -1.636870 0.724341
0.423963 -1.631047 0.772439
0.460217 -1.626097 0.806822
0.478973 -1.623544 0.826988
0.484236 -1.622831 0.833755
0.496470 -1.621148 0.841205
0.501733 -1.620435 0.847972
0.501733 -1.620435 0.847972
0.524759 -1.617237 0.852928
0.541804 -1.614872 0.857156
0.548012 -1.614024 0.862879
0.548012 -1.614024 0.862879
0.547831 -1.614037 0.858883
0.547831 -1.614037 0.858883
0.547831 -1.614037 0.858883
0.547831 -1.614037 0.858883
0.553361 -1.613236 0.849621
0.569372 -1.611013 0.852895
0.620601 -1.603981 0.889598
0.642777 -1.600981 0.919618
0.642777 -1.600981 0.919618
0.643003 -1.600965 0.924613
0.643003 -1.600965 0.924613
0.643003 -1.600965 0.924613
0.643003 -1.600965 0.924613
0.643003 -1.600965 0.924613
0.643003 -1.600965 0.924613
0.643003 -1.600965 0.924613
0.643003 -1.600965 0.924613
0.643003 -1.600965 0.924613
0.643003 -1.600965 0.924613
0.643003 -1.600965 0.924613
0.643003 -1.600965 0.924613
0.643003 -1.600965 0.924613
0.643003 -1.600965 0.924613
0.643003 -1.600965 0.924613
0.643003 -1.600965 0.924613
0.643003 -1.600965 0.924613
0.643003 -1.600965 0.924613
0.643003 -1.600965 0.924613
0.643003 -1.600965 0.924613
0.643003 -1.600965 0.924613
0.643003 -1.600965 0.924613
0.643003 -1.600965 0.924613
0.643003 -1.600965 0.924613
0.643003 -1.600965 0.924613
0.643003 -1.600965 0.924613
0.643003 -1.600965 0.924613
0.643003 -1.600965 0.924613
0.643003 -1.600965 0.924613
0.643003 -1.600965 0.924613
0.643003 -1.600965 0.924613
0.643003 -1.600965 0.924613
0.643003 -1.600965 0.924613
0.643003 -1.600965 0.924613
0.643003 -1.600965 0.924613
0.643003 -1.600965 0.924613
0.643003 -1.600965 0.924613
0.643003 -1.600965 0.924613
0.643003 -1.600965 0.924613
0.643003 -1.600965 0.924613
0.643003 -1.600965 0.924613
0.643003 -1.600965 0.924613
0.643003 -1.600965 0.924613
0.643003 -1.600965 0.924613
0.643003 -1.600965 0.924613
0.643003 -1.600965 0.924613
0.643003 -1.600965 0.924613
0.643003 -1.600965 0.924613
0.643003 -1.600965 0.924613
0.643003 -1.600965 0.924613
0.643003 -1.600965 0.924613
0.643003 -1.600965 0.924613
0.643003 -1.600965 0.924613
0.643003 -1.600965 0.924613
0.643003 -1.600965 0.924613
0.643003 -1.600965 0.924613
0.643003 -1.600965 0.924613
0.643003 -1.600965 0.924613
0.643003 -1.600965 0.924613
0.643003 -1.600965 0.924613
0.643003 -1.600965 0.924613
0.643003 -1.600965 0.924613
0.643003 -1.600965 0.924613
0.643003 -1.600965 0.924613
0.643003 -1.600965 0.924613
0.643003 -1.600965 0.924613
0.643003 -1.600965 0.924613
0.643003 -1.600965 0.924613
0.643003 -1.600965 0.924613
0.643003 -1.600965 0.924613
0.643003 -1.600965 0.924613
0.643003 -1.600965 0.924613
0.643003 -1.600965 0.924613
0.643003 -1.600965 0.924613
0.643003 -1.600965 0.924613
0.643003 -1.600965 0.924613
0.643003 -1.600965 0.924613
0.643003 -1.600965 0.924613
0.643003 -1.600965 0.924613
0.643003 -1.600965 0.924613
0.643003 -1.600965 0.924613
0.643003 -1.600965 0.924613
0.643003 -1.600965 0.924613
0.643003 -1.600965 0.924613
0.643003 -1.600965 0.924613
0.643003 -1.600965 0.924613
0.643003 -1.600965 0.924613
0.643003 -1.600965 0.924613
0.643003 -1.600965 0.924613
0.643003 -1.600965 0.924613
0.643003 -1.600965 0.924613
0.643003 -1.600965 0.924613
0.643003 -1.600965 0.924613
0.643003 -1.600965 0.924613
0.643003 -1.600965 0.924613
0.643003 -1.600965 0.924613
0.643003 -1.600965 0.924613
0.643003 -1.600965 0.924613
0.643003 -1.600965 0.924613
0.643003 -1.600965 0.924613
0.643003 -1.600965 0.924613
0.643003 -1.600965 0.924613
0.643003 -1.600965 0.924613
0.643003 -1.600965 0.924613
0.643003 -1.600965 0.924613
0.643003 -1.600965 0.924613
0.643003 -1.600965 0.924613
0.643003 -1.600965 0.924613
0.643003 -1.600965 0.924613
0.643003 -1.600965 0.924613
0.643003 -1.600965 0.924613
0.643003 -1.600965 0.924613
0.643003 -1.600965 0.924613
0.643003 -1.600965 0.924613
0.643003 -1.600965 0.924613
0.643003 -1.600965 0.924613
0.643003 -1.600965 0.924613
0.643003 -1.600965 0.924613
0.643003 -1.600965 0.924613
0.643003 -1.600965 0.924613
0.643003 -1.600965 0.924613
0.643003 -1.600965 0.924613
0.643003 -1.600965 0.924613
0.643003 -1.600965 0.924613
0.643003 -1.600965 0.924613
0.643003 -1.600965 0.924613
0.643003 -1.600965 0.924613
0.643003 -1.600965 0.924613
0.643003 -1.600965 0.924613
0.643003 -1.600965 0.924613
0.643003 -1.600965 0.924613
0.643003 -1.600965 0.924613
0.643003 -1.600965 0.924613
0.643003 -1.600965 0.924613
0.643003 -1.600965 0.924613
0.643003 -1.600965 0.924613
0.643003 -1.600965 0.924613
0.643003 -1.600965 0.924613
0.643003 -1.600965 0.924613
0.643003 -1.600965 0.924613
0.643003 -1.600965 0.924613
0.643003 -1.600965 0.924613
0.643003 -1.600965 0.924613
0.643003 -1.600965 0.924613
0.643003 -1.600965 0.924613
0.643003 -1.600965 0.924613
0.643003 -1.600965 0.924613
0.643003 -1.600965 0.924613
0.643003 -1.600965 0.924613
0.643003 -1.600965 0.924613
0.643003 -1.600965 0.924613
0.643003 -1.600965 0.924613
0.643003 -1.600965 0.924613
0.643003 -1.600965 0.924613
0.643003 -1.600965 0.924613
0.643003 -1.600965 0.924613
0.643003 -1.600965 0.924613
0.643003 -1.600965 0.924613
0.643003 -1.600965 0.924613
0.643003 -1.600965 0.924613
0.643003 -1.600965 0.924613
0.643003 -1.600965 0.924613
0.643003 -1.600965 0.924613
0.643003 -1.600965 0.924613
0.643003 -1.600965 0.924613
0.643003 -1.600965 0.924613
0.643003 -1.600965 0.924613
0.643003 -1.600965 0.924613
0.643003 -1.600965 0.924613
0.643003 -1.600965 0.924613
0.643003 -1.600965 0.924613
0.643003 -1.600965 0.924613
0.643003 -1.600965 0.924613
0.643003 -1.600965 0.924613
0.643003 -1.600965 0.924613
0.643003 -1.600965 0.924613
0.643003 -1.600965 0.924613
0.643003 -1.600965 0.924613
0.643003 -1.600965 0.924613
0.643003 -1.600965 0.924613
0.643003 -1.600965 0.924613
0.643003 -1.600965 0.924613
0.643003 -1.600965 0.924613
0.643003 -1.600965 0.924613
0.643003 -1.600965 0.924613
0.643003 -1.600965 0.924613
0.643003 -1.600965 0.924613
0.643003 -1.600965 0.924613
0.643003 -1.600965 0.924613
0.643003 -1.600965 0.924613
0.643003 -1.600965 0.924613
0.643003 -1.600965 0.924613
0.643003 -1.600965 0.924613
0.643003 -1.600965 0.924613
0.643003 -1.600965 0.924613
0.643003 -1.600965 0.924613
0.643003 -1.600965 0.924613
0.643003 -1.600965 0.924613
0.643003 -1.600965 0.924613
0.643003 -1.600965 0.924613
0.643003 -1.600965 0.924613
0.643003 -1.600965 0.924613
0.643003 -1.600965 0.924613
0.643003 -1.600965 0.924613
0.643003 -1.600965 0.924613
0.643003 -1.600965 0.924613
0.643003 -1.600965 0.924613
0.643003 -1.600965 0.924613
0.643003 -1.600965 0.924613
0.643003 -1.600965 0.924613
0.643003 -1.600965 0.924613
0.643003 -1.600965 0.924613
0.643003 -1.600965 0.924613
0.643003 -1.600965 0.924613
0.643003 -1.600965 0.924613
0.643003 -1.600965 0.924613
0.643003 -1.600965 0.924613
0.643003 -1.600965 0.924613
0.643003 -1.600965 0.924613
0.643003 -1.600965 0.924613
0.643003 -1.600965 0.924613
0.643003 -1.600965 0.924613
0.643003 -1.600965 0.924613
0.643003 -1.600965 0.924613
0.643003 -1.600965 0.924613
0.643003 -1.600965 0.924613
0.643003 -1.600965 0.924613
0.643003 -1.600965 0.924613
0.643003 -1.600965 0.924613
0.643003 -1.600965 0.924613
0.643003 -1.600965 0.924613
0.643003 -1.600965 0.924613
0.643003 -1.600965 0.924613
0.643003 -1.600965 0.924613
0.643003 -1.600965 0.924613
0.643003 -1.600965 0.924613
0.643003 -1.600965 0.924613
0.643003 -1.600965 0.924613
0.643003 -1.600965 0.924613
0.643003 -1.600965 0.924613
0.643003 -1.600965 0.924613
0.643003 -1.600965 0.924613
0.643003 -1.600965 0.924613
0.643003 -1.600965 0.924613
0.643003 -1.600965 0.924613
0.643003 -1.600965 0.924613
0.643003 -1.600965 0.924613
0.643003 -1.600965 0.924613
0.643003 -1.600965 0.924613
0.643003 -1.600965 0.924613
0.643003 -1.600965 0.924613
0.643003 -1.600965 0.924613
0.643003 -1.600965 0.924613
0.643003 -1.600965 0.924613
0.643003 -1.600965 0.924613
0.643003 -1.600965 0.924613
0.643003 -1.600965 0.924613
0.643003 -1.600965 0.924613
0.643003 -1.600965 0.924613
0.643003 -1.600965 0.924613
0.643003 -1.600965 0.924613
0.643003 -1.600965 0.924613
0.643003 -1.600965 0.924613
0.643003 -1.600965 0.924613
0.643003 -1.600965 0.924613
0.643003 -1.600965 0.924613
0.643003 -1.600965 0.924613
0.643003 -1.600965 0.924613
0.643003 -1.600965 0.924613
0.643003 -1.600965 0.924613
0.643003 -1.600965 0.924613
0.643003 -1.600965 0.924613
0.643003 -1.600965 0.924613
0.643003 -1.600965 0.924613
0.643003 -1.600965 0.924613
0.643003 -1.600965 0.924613
0.643003 -1.600965 0.924613
0.643003 -1.600965 0.924613
0.643003 -1.600965 0.924613
0.643003 -1.600965 0.924613
0.643003 -1.600965 0.924613
0.643003 -1.600965 0.924613
0.643003 -1.600965 0.924613
0.643003 -1.600965 0.924613
0.643003 -1.600965 0.924613
0.643003 -1.600965 0.924613
0.643003 -1.600965 0.924613
0.643003 -1.600965 0.924613
0.643003 -1.600965 0.924613
0.643003 -1.600965 0.924613
0.643003 -1.600965 0.924613
0.643003 -1.600965 0.924613
0.643003 -1.600965 0.924613
0.643003 -1.600965 0.924613
0.643003 -1.600965 0.924613
0.643003 -1.600965 0.924613
0.643003 -1.600965 0.924613
0.643003 -1.600965 0.924613
0.643003 -1.600965 0.924613
0.643003 -1.600965 0.924613
0.643003 -1.600965 0.924613
0.643003 -1.600965 0.924613
0.643003 -1.600965 0.924613
0.643003 -1.600965 0.924613
0.643003 -1.600965 0.924613
0.643003 -1.600965 0.924613
0.643003 -1.600965 0.924613
0.643003 -1.600965 0.924613
0.643003 -1.600965 0.924613
0.643003 -1.600965 0.924613
0.643003 -1.600965 0.924613
0.643003 -1.600965 0.924613
0.643003 -1.600965 0.924613
0.643003 -1.600965 0.924613
0.643003 -1.600965 0.924613
0.643003 -1.600965 0.924613
0.643003 -1.600965 0.924613
0.643003 -1.600965 0.924613
0.643003 -1.600965 0.924613
0.643003 -1.600965 0.924613
0.643003 -1.600965 0.924613
0.643003 -1.600965 0.924613
0.643003 -1.600965 0.924613
0.643003 -1.600965 0.924613
0.643003 -1.600965 0.924613
0.643003 -1.600965 0.924613
0.643003 -1.600965 0.924613
0.643003 -1.600965 0.924613
0.643003 -1.600965 0.924613
0.643003 -1.600965 0.924613
0.643003 -1.600965 0.924613
0.643003 -1.600965 0.924613
0.643003 -1.600965 0.924613
0.643003 -1.600965 0.924613
0.643003 -1.600965 0.924613
0.643003 -1.600965 0.924613
0.643003 -1.600965 0.924613
0.643003 -1.600965 0.924613
0.643003 -1.600965 0.924613
0.643003 -1.600965 0.924613
0.643003 -1.600965 0.924613
0.643003 -1.600965 0.924613
0.643003 -1.600965 0.924613
0.643003 -1.600965 0.924613
0.643003 -1.600965 0.924613
0.643003 -1.600965 0.924613
0.643003 -1.600965 0.924613
0.643003 -1.600965 0.924613
0.643003 -1.600965 0.924613
0.643003 -1.600965 0.924613
0.643003 -1.600965 0.924613
0.643003 -1.600965 0.924613
0.643003 -1.600965 0.924613
0.643003 -1.600965 0.924613
0.643003 -1.600965 0.924613
0.643003 -1.600965 0.924613
0.643003 -1.600965 0.924613
0.643003 -1.600965 0.924613
0.643003 -1.600965 0.924613
0.643003 -1.600965 0.924613
0.643003 -1.600965 0.924613
0.643003 -1.600965 0.924613
0.643003 -1.600965 0.924613
0.643003 -1.600965 0.924613
0.643003 -1.600965 0.924613
0.643003 -1.600965 0.924613
0.643003 -1.600965 0.924613
0.643003 -1.600965 0.924613
0.643003 -1.600965 0.924613
0.643003 -1.600965 0.924613
0.643003 -1.600965 0.924613
0.643003 -1.600965 0.924613
0.643003 -1.600965 0.924613
0.643003 -1.600965 0.924613
0.643003 -1.600965 0.924613
0.643003 -1.600965 0.924613
0.643003 -1.600965 0.924613
0.643003 -1.600965 0.924613
0.643003 -1.600965 0.924613
0.643003 -1.600965 0.924613
0.643003 -1.600965 0.924613
0.643003 -1.600965 0.924613
0.643003 -1.600965 0.924613
0.643003 -1.600965 0.924613
0.643003 -1.600965 0.924613
0.643003 -1.600965 0.924613
0.643003 -1.600965 0.924613
0.643003 -1.600965 0.924613
0.643003 -1.600965 0.924613
0.643003 -1.600965 0.924613
0.643003 -1.600965 0.924613
0.643003 -1.600965 0.924613
0.643003 -1.600965 0.924613
0.643003 -1.600965 0.924613
0.643003 -1.600965 0.924613
0.643003 -1.600965 0.924613
0.643003 -1.600965 0.924613
0.643003 -1.600965 0.924613
0.643003 -1.600965 0.924613
0.643003 -1.600965 0.924613
0.643003 -1.600965 0.924613
0.643003 -1.600965 0.924613
0.643003 -1.600965 0.924613
0.643003 -1.600965 0.924613
0.643003 -1.600965 0.924613
0.643003 -1.600965 0.924613
0.643003 -1.600965 0.924613
0.643003 -1.600965 0.924613
0.643003 -1.600965 0.924613
0.643003 -1.600965 0.924613
0.643003 -1.600965 0.924613
0.643003 -1.600965 0.924613
0.643003 -1.600965 0.924613
0.643003 -1.600965 0.924613
0.643003 -1.600965 0.924613
0.643003 -1.600965 0.924613
0.643003 -1.600965 0.924613
0.643003 -1.600965 0.924613
0.643003 -1.600965 0.924613
0.643003 -1.600965 0.924613
0.643003 -1.600965 0.924613
0.643003 -1.600965 0.924613
0.643003 -1.600965 0.924613
0.643003 -1.600965 0.924613
0.643003 -1.600965 0.924613
0.643003 -1.600965 0.924613
0.643003 -1.600965 0.924613
0.643003 -1.600965 0.924613
0.643003 -1.600965 0.924613
0.643003 -1.600965 0.924613
0.643003 -1.600965 0.924613
0.643003 -1.600965 0.924613
0.643003 -1.600965 0.924613
0.643003 -1.600965 0.924613
0.643003 -1.600965 0.924613
0.643003 -1.600965 0.924613
0.643003 -1.600965 0.924613
0.643003 -1.600965 0.924613
0.643003 -1.600965 0.924613
0.643003 -1.600965 0.924613
0.643003 -1.600965 0.924613
0.643003 -1.600965 0.924613
0.643003 -1.600965 0.924613
0.643003 -1.600965 0.924613
0.643003 -1.600965 0.924613
0.643003 -1.600965 0.924613
0.643003 -1.600965 0.924613
0.643003 -1.600965 0.924613
0.643003 -1.600965 0.924613
0.643003 -1.600965 0.924613
0.643003 -1.600965 0.924613
0.643003 -1.600965 0.924613
0.643003 -1.600965 0.924613
0.643003 -1.600965 0.924613
0.643003 -1.600965 0.924613
0.643003 -1.600965 0.924613
0.643003 -1.600965 0.924613
0.643003 -1.600965 0.924613
0.643003 -1.600965 0.924613
0.643003 -1.600965 0.924613
0.643003 -1.600965 0.924613
0.643003 -1.600965 0.924613
0.643003 -1.600965 0.924613
0.643003 -1.600965 0.924613
0.643003 -1.600965 0.924613
0.643003 -1.600965 0.924613
0.643003 -1.600965 0.924613
0.643003 -1.600965 0.924613
0.643003 -1.600965 0.924613
0.643003 -1.600965 0.924613
0.643003 -1.600965 0.924613
0.643003 -1.600965 0.924613
0.643003 -1.600965 0.924613
0.643003 -1.600965 0.924613
0.643003 -1.600965 0.924613
0.643003 -1.600965 0.924613
0.643003 -1.600965 0.924613
0.643003 -1.600965 0.924613
0.643003 -1.600965 0.924613
0.643003 -1.600965 0.924613
0.643003 -1.600965 0.924613
0.643003 -1.600965 0.924613
0.643003 -1.600965 0.924613
0.643003 -1.600965 0.924613
0.643003 -1.600965 0.924613
0.643003 -1.600965 0.924613
0.643003 -1.600965 0.924613
0.643003 -1.600965 0.924613
0.643003 -1.600965 0.924613
0.643003 -1.600965 0.924613
0.643003 -1.600965 0.924613
0.643003 -1.600965 0.924613
0.643003 -1.600965 0.924613
0.643003 -1.600965 0.924613
0.643003 -1.600965 0.924613
0.643003 -1.600965 0.924613
0.643003 -1.600965 0.924613
0.643003 -1.600965 0.924613
0.643003 -1.600965 0.924613
0.643003 -1.600965 0.924613
0.643003 -1.600965 0.924613
0.643003 -1.600965 0.924613
0.643003 -1.600965 0.924613
0.643003 -1.600965 0.924613
0.643003 -1.600965 0.924613
0.643003 -1.600965 0.924613
0.643003 -1.600965 0.924613
0.643003 -1.600965 0.924613
0.643003 -1.600965 0.924613
0.643003 -1.600965 0.924613
0.643003 -1.600965 0.924613
0.643003 -1.600965 0.924613
0.643003 -1.600965 0.924613
0.613542 -1.657395 0.910909
0.591195 -1.678482 0.880283
0.576464 -1.706697 0.873432
0.555305 -1.735929 0.853066
0.542198 -1.757682 0.843845
0.520343 -1.777983 0.813592
0.509351 -1.792487 0.802376
0.500807 -1.800753 0.790857
0.500807 -1.800753 0.790857
0.498526 -1.807496 0.792007
0.496206 -1.805027 0.784488
0.496206 -1.805027 0.784488
0.496206 -1.805027 0.784488
0.496206 -1.805027 0.784488
0.481708 -1.808917 0.755494
0.465419 -1.818764 0.728022
0.456708 -1.826525 0.715657
0.443666 -1.823448 0.683448
0.436579 -1.824747 0.668714
0.436579 -1.824747 0.668714
0.436579 -1.824747 0.668714
0.438406 -1.828003 0.675859
0.443870 -1.833166 0.692962
0.455289 -1.842704 0.727540
0.457608 -1.845174 0.735058
0.457608 -1.845174 0.735058
0.457608 -1.845174 0.735058
0.457608 -1.845174 0.735058
0.460586 -1.847362 0.743796
0.461940 -1.856011 0.754902
0.460150 -1.861968 0.756424
0.458526 -1.868429 0.758793
0.458526 -1.868429 0.758793
0.458526 -1.868429 0.758793
0.458526 -1.868429 0.758793
0.458526 -1.868429 0.758793
0.458526 -1.868429 0.758793
0.458526 -1.868429 0.758793
0.458526 -1.868429 0.758793
0.458526 -1.868429 0.758793
0.458526 -1.868429 0.758793
0.458526 -1.868429 0.758793
0.458526 -1.868429 0.758793
0.458526 -1.868429 0.758793
0.458526 -1.868429 0.758793
0.458526 -1.868429 0.758793
0.458526 -1.868429 0.758793
0.458526 -1.868429 0.758793
0.458526 -1.868429 0.758793
0.458526 -1.868429 0.758793
0.458526 -1.868429 0.758793
0.458526 -1.868429 0.758793
0.458526 -1.868429 0.758793
0.458526 -1.868429 0.758793
0.458526 -1.868429 0.758793
0.458526 -1.868429 0.758793
0.458526 -1.868429 0.758793
0.458526 -1.868429 0.758793
0.458526 -1.868429 0.758793
0.458526 -1.868429 0.758793
0.458526 -1.868429 0.758793
0.458526 -1.868429 0.758793
0.458526 -1.868429 0.758793
0.458526 -1.868429 0.758793
0.458526 -1.868429 0.758793
0.458526 -1.868429 0.758793
0.458526 -1.868429 0.758793
0.458526 -1.868429 0.758793
0.458526 -1.868429 0.758793
0.458526 -1.868429 0.758793
0.458526 -1.868429 0.758793
0.458526 -1.868429 0.758793
0.458526 -1.868429 0.758793
0.458526 -1.868429 0.758793
0.458526 -1.868429 0.758793
0.458526 -1.868429 0.758793
0.458526 -1.868429 0.758793
0.458526 -1.868429 0.758793
0.458526 -1.868429 0.758793
0.458526 -1.868429 0.758793
0.458526 -1.868429 0.758793
0.458526 -1.868429 0.758793
0.458526 -1.868429 0.758793
0.458526 -1.868429 0.758793
0.458526 -1.868429 0.758793
0.458526 -1.868429 0.758793
0.458526 -1.868429 0.758793
0.458526 -1.868429 0.758793
0.458526 -1.868429 0.758793
0.458526 -1.868429 0.758793
0.458526 -1.868429 0.758793
0.458526 -1.868429 0.758793
0.458526 -1.868429 0.758793
0.458526 -1.868429 0.758793
0.458526 -1.868429 0.758793
0.458526 -1.868429 0.758793
0.458526 -1.868429 0.758793
0.458526 -1.868429 0.758793
0.458526 -1.868429 0.758793
0.458526 -1.868429 0.758793
