0.316040 -1.645600 0.626130
0.316040 -1.645600 0.626130
0.316040 -1.645600 0.626130
0.316040 -1.645600 0.626130
0.316040 -1.645600 0.626130
0.316040 -1.645600 0.626130
0.316040 -1.645600 0.626130
0.316040 -1.645600 0.626130
0.316040 -1.645600 0.626130
0.316040 -1.645600 0.626130
0.316040 -1.645600 0.626130
0.316040 -1.645600 0.630150
0.316040 -1.645600 0.637000
0.316040 -1.645600 0.637000
0.316040 -1.645600 0.637000
0.316040 -1.645600 0.637000
0.316040 -1.645600 0.637000
0.316040 -1.645600 0.637000
0.316040 -1.645600 0.637000
0.316040 -1.645600 0.637000
0.316040 -1.645600 0.637000
0.316040 -1.645600 0.637000
0.316040 -1.645600 0.637000
0.316040 -1.645600 0.637000
0.316040 -1.645600 0.637000
0.316040 -1.645600 0.637000
0.316040 -1.645600 0.647000
0.316040 -1.645600 0.647000
0.316040 -1.645600 0.647000
0.316040 -1.645600 0.651890
0.316040 -1.645600 0.661641
0.316040 -1.645600 0.661641
0.316040 -1.645600 0.661641
0.306040 -1.645600 0.661641
0.306040 -1.645600 0.661641
0.306040 -1.645600 0.661641
0.306040 -1.645600 0.661641
0.306040 -1.645600 0.661641
0.306180 -1.645600 0.661641
0.313393 -1.645600 0.661641
0.313393 -1.645600 0.661641
0.313393 -1.645600 0.661641
0.313393 -1.645656 0.661641
0.323393 -1.645656 0.661641
0.323393 -1.645656 0.661641
0.333393 -1.645599 0.661641
0.333393 -1.645599 0.661641
0.343393 -1.646654 0.661641
0.350273 -1.646654 0.661641
0.350273 -1.647292 0.661641
0.360273 -1.647292 0.661641
0.365655 -1.647931 0.661641
0.375655 -1.647931 0.661641
0.375655 -1.647931 0.661641
0.375655 -1.647931 0.661641
0.385655 -1.647931 0.661641
0.385655 -1.647931 0.661641
0.395655 -1.647625 0.661641
0.397875 -1.649428 0.661641
0.397875 -1.649428 0.661641
0.397875 -1.649428 0.661641
0.401094 -1.649428 0.661641
0.411094 -1.649428 0.661641
0.411094 -1.649428 0.661641
0.421094 -1.649428 0.661641
0.421094 -1.649428 0.661641
0.431094 -1.649428 0.661641
0.437891 -1.651231 0.661641
0.439528 -1.651231 0.661641
0.449528 -1.651231 0.661641
0.455326 -1.651231 0.661641
0.455326 -1.651231 0.661641
0.455326 -1.651231 0.661641
0.465326 -1.651231 0.661641
0.474286 -1.651231 0.661641
0.482331 -1.649427 0.661641
0.492331 -1.649427 0.661641
0.502331 -1.649371 0.661641
0.512331 -1.649371 0.661641
0.515966 -1.649371 0.661641
0.525966 -1.649371 0.661641
0.525966 -1.649371 0.661641
0.535509 -1.649371 0.661641
0.545509 -1.649371 0.661641
0.545509 -1.649371 0.661641
0.545509 -1.649371 0.661641
0.545509 -1.649371 0.661641
0.545509 -1.649371 0.661641
0.545509 -1.649371 0.661641
0.545509 -1.649371 0.661641
0.545509 -1.649371 0.661641
0.545509 -1.649371 0.661641
0.545509 -1.649371 0.661641
0.545509 -1.649371 0.661641
0.545509 -1.649371 0.661641
0.545509 -1.649371 0.661641
0.545509 -1.649371 0.661641
0.545509 -1.649371 0.661641
0.545509 -1.649371 0.661641
0.545509 -1.649371 0.661641
0.545509 -1.649371 0.661641
0.545509 -1.649371 0.661641
0.545509 -1.649371 0.661641
0.545509 -1.649371 0.661641
0.545509 -1.649371 0.661641
0.545509 -1.649371 0.661641
0.545509 -1.649371 0.661641
0.545509 -1.649371 0.661641
0.545509 -1.649371 0.661641
0.545509 -1.649371 0.661641
0.545509 -1.649371 0.661641
0.545509 -1.649371 0.661641
0.545509 -1.649371 0.661641
0.545509 -1.649371 0.661641
0.545509 -1.649371 0.661641
0.545509 -1.649371 0.661641
0.549227 -1.649371 0.661641
0.558603 -1.649064 0.661641
0.561822 -1.649064 0.661641
0.571822 -1.649064 0.661641
0.574291 -1.649120 0.661641
0.584291 -1.651756 0.661641
0.584291 -1.651756 0.661641
0.584291 -1.651756 0.661641
0.585679 -1.651756 0.661641
0.583210 -1.651756 0.661641
0.583210 -1.651756 0.661641
0.583210 -1.651756 0.661641
0.583210 -1.651756 0.661641
0.593210 -1.651200 0.661641
0.593210 -1.651200 0.661641
0.593210 -1.651200 0.661641
0.593210 -1.651200 0.661641
0.596512 -1.651505 0.661641
0.596512 -1.651505 0.661641
0.596512 -1.651505 0.661641
0.596512 -1.651505 0.661641
0.596512 -1.651505 0.661641
0.596512 -1.661505 0.661641
0.596512 -1.661505 0.661641
0.596512 -1.666720 0.661641
0.596512 -1.666720 0.661641
0.596512 -1.669855 0.661641
0.596512 -1.669855 0.661641
0.595874 -1.679855 0.661641
0.595874 -1.679855 0.661641
0.595874 -1.680910 0.661641
0.597095 -1.690910 0.661641
0.597095 -1.690910 0.661641
0.597095 -1.700910 0.661641
0.597095 -1.700910 0.661641
0.597095 -1.710910 0.661641
0.597095 -1.720910 0.661641
0.597095 -1.720910 0.661641
0.597095 -1.720910 0.661641
0.597095 -1.720910 0.661641
0.597095 -1.730910 0.661641
0.597095 -1.730910 0.661641
0.597095 -1.740910 0.661641
0.597095 -1.740910 0.661641
0.597095 -1.750910 0.661641
0.597095 -1.750910 0.661641
0.597095 -1.750910 0.661641
0.597095 -1.750910 0.661641
0.597095 -1.750910 0.661641
0.607095 -1.750910 0.661641
0.607095 -1.750910 0.661641
0.607095 -1.750910 0.661641
0.607095 -1.750910 0.661641
0.607095 -1.750910 0.661641
0.607095 -1.750910 0.661641
0.607095 -1.750910 0.661641
0.607095 -1.750910 0.661641
0.607095 -1.750910 0.661641
0.607095 -1.750910 0.661641
0.607095 -1.750910 0.661641
0.601464 -1.750910 0.661641
0.601464 -1.750910 0.661641
0.601464 -1.750910 0.661641
0.601464 -1.750910 0.661641
0.601464 -1.750910 0.661641
0.601464 -1.750910 0.661641
0.601604 -1.760910 0.661641
0.601604 -1.760910 0.661641
0.601604 -1.760910 0.661641
0.601604 -1.770910 0.661641
0.601604 -1.770910 0.661641
0.601604 -1.773545 0.661641
0.601604 -1.773545 0.661641
0.601604 -1.773545 0.661641
0.601604 -1.773545 0.661641
0.601604 -1.773545 0.661641
0.601604 -1.783545 0.661641
0.601604 -1.783545 0.661641
0.601604 -1.783545 0.661641
0.601604 -1.783545 0.661641
0.601604 -1.783545 0.661641
0.602992 -1.783545 0.661641
0.604214 -1.783545 0.661641
0.604214 -1.783545 0.661641
0.604214 -1.783545 0.661641
0.604214 -1.783545 0.661641
0.604214 -1.783545 0.661641
0.604214 -1.783545 0.661641
0.604214 -1.783545 0.661641
0.604214 -1.783545 0.661641
0.604214 -1.783545 0.661641
0.604214 -1.783545 0.661641
0.604214 -1.783545 0.661641
0.604214 -1.783545 0.661641
0.604214 -1.783545 0.661641
0.604214 -1.783545 0.661641
0.604214 -1.783545 0.661641
0.604214 -1.783545 0.661641
0.604214 -1.783545 0.661641
0.604214 -1.783545 0.661641
0.604214 -1.783545 0.661641
0.604214 -1.783545 0.661641
0.604214 -1.783545 0.661641
0.604214 -1.783545 0.661641
0.604214 -1.783545 0.661641
0.604214 -1.783545 0.661641
0.604214 -1.783545 0.661641
0.604214 -1.783545 0.661641
0.604214 -1.783545 0.661641
0.604214 -1.783545 0.661641
0.604214 -1.783545 0.661641
0.604214 -1.783545 0.661641
0.604214 -1.783545 0.661641
0.604214 -1.783545 0.661641
0.604214 -1.783545 0.661641
0.604214 -1.783545 0.661641
0.604214 -1.783545 0.661641
0.604214 -1.783545 0.661641
0.604214 -1.783545 0.661641
0.604214 -1.783545 0.661641
0.604214 -1.783545 0.661641
0.604214 -1.783545 0.661641
0.604214 -1.783545 0.661641
0.604214 -1.783545 0.661641
0.604214 -1.783545 0.661641
0.604214 -1.783545 0.661641
0.604214 -1.783545 0.661641
0.604214 -1.783545 0.661641
0.604214 -1.783545 0.661641
0.604214 -1.783545 0.661641
0.604214 -1.783545 0.661641
0.604214 -1.783545 0.661641
0.604214 -1.783545 0.661641
0.604214 -1.783545 0.661641
0.604214 -1.783545 0.661641
0.604214 -1.783545 0.661641
0.604214 -1.783545 0.661641
0.604214 -1.783545 0.661641
0.604214 -1.783545 0.659984
0.604214 -1.783545 0.654984
0.604214 -1.783545 0.654984
0.604214 -1.783545 0.654984
0.604214 -1.783545 0.644984
0.604214 -1.783545 0.644984
0.604214 -1.783545 0.643907
0.604214 -1.783545 0.638548
0.604214 -1.783545 0.638548
0.604214 -1.783545 0.632278
0.604214 -1.783545 0.631781
0.604214 -1.783545 0.631781
0.604214 -1.783545 0.630123
0.604214 -1.783545 0.621823
0.604214 -1.783545 0.621823
0.604214 -1.783545 0.611823
0.604214 -1.783545 0.611325
0.604214 -1.783545 0.611325
0.604214 -1.783545 0.611325
0.604214 -1.783545 0.611325
0.604214 -1.783545 0.611325
0.604214 -1.783545 0.611325
0.604214 -1.783545 0.611325
0.604214 -1.783545 0.611325
0.604214 -1.783545 0.611325
0.604214 -1.783545 0.611325
0.604214 -1.783545 0.611325
0.604214 -1.783545 0.611325
0.604214 -1.783545 0.611325
0.604214 -1.783545 0.611325
0.604214 -1.783545 0.611325
0.604214 -1.783545 0.611325
0.604214 -1.783545 0.611325
0.604214 -1.783545 0.611325
0.604214 -1.783545 0.611325
0.604214 -1.783545 0.611325
0.604214 -1.783545 0.611325
0.604214 -1.783545 0.611325
0.604214 -1.783545 0.611325
0.604214 -1.783545 0.611325
0.604214 -1.783545 0.611325
0.604214 -1.783545 0.611325
0.604214 -1.783545 0.611325
0.604214 -1.783545 0.611325
0.604214 -1.783545 0.611325
0.604214 -1.783545 0.611325
0.604214 -1.783545 0.611325
0.604214 -1.783545 0.611325
0.604214 -1.783545 0.611325
0.604214 -1.783545 0.611325
0.604214 -1.783545 0.611325
0.604214 -1.783545 0.611325
0.604214 -1.783545 0.611325
0.604214 -1.783545 0.611325
0.604214 -1.783545 0.611325
0.604214 -1.783545 0.611325
0.604214 -1.783545 0.611325
0.604214 -1.783545 0.611325
0.604214 -1.783545 0.611325
0.604214 -1.783545 0.611325
0.604214 -1.783545 0.611325
0.604214 -1.783545 0.611325
0.604214 -1.783545 0.611325
0.604214 -1.783545 0.611325
0.604214 -1.783545 0.611325
0.604214 -1.783545 0.611325
0.604214 -1.783545 0.611325
0.604214 -1.783545 0.611325
0.604214 -1.783545 0.611325
0.604214 -1.783545 0.611325
0.604214 -1.783545 0.611325
0.604214 -1.783545 0.611325
0.604214 -1.783545 0.611325
0.604214 -1.783545 0.611325
0.604214 -1.783545 0.611325
0.604214 -1.783545 0.611325
0.604214 -1.783545 0.611325
0.604214 -1.783545 0.611325
0.604214 -1.783545 0.611325
0.604214 -1.783545 0.611325
0.604214 -1.783545 0.611325
0.604214 -1.783545 0.611325
0.604214 -1.783545 0.611325
0.604214 -1.783545 0.611325
0.604214 -1.783545 0.611325
0.604214 -1.783545 0.611325
0.604214 -1.783545 0.611325
0.604214 -1.783545 0.611325
0.604214 -1.783545 0.611325
0.604214 -1.783545 0.611325
0.604214 -1.783545 0.611325
0.604214 -1.783545 0.611325
0.604214 -1.783545 0.611325
0.604214 -1.783545 0.611325
0.604214 -1.783545 0.611325
0.604214 -1.783545 0.611325
0.604214 -1.783545 0.611325
0.604214 -1.783545 0.611325
0.604214 -1.783545 0.611325
0.604214 -1.783545 0.611325
0.604214 -1.783545 0.611325
0.604214 -1.783545 0.611325
0.604214 -1.783545 0.611325
0.604214 -1.783545 0.611325
0.604214 -1.783545 0.611325
0.604214 -1.783545 0.611325
0.604214 -1.783545 0.611325
0.604214 -1.783545 0.611325
0.604214 -1.783545 0.611325
0.604214 -1.783545 0.611325
0.604214 -1.783545 0.611325
0.604214 -1.783545 0.611325
0.604214 -1.783545 0.611325
0.604214 -1.783545 0.611325
0.604214 -1.783545 0.611325
0.604214 -1.783545 0.611325
0.604214 -1.783545 0.611325
0.604214 -1.783545 0.611325
0.604214 -1.783545 0.611325
0.604214 -1.782823 0.611325
0.602161 -1.776859 0.611325
0.601439 -1.774306 0.611325
0.601439 -1.774306 0.611325
0.601439 -1.774306 0.611325
0.601439 -1.768591 0.611325
0.601439 -1.768591 0.611325
0.601439 -1.768591 0.611325
0.601439 -1.768591 0.611325
0.601439 -1.768591 0.611325
0.601439 -1.768591 0.611325
0.601439 -1.768591 0.611325
0.601439 -1.768591 0.611325
0.601439 -1.768591 0.611325
0.601439 -1.768591 0.611325
0.601439 -1.768591 0.611325
0.601439 -1.768591 0.611325
0.601439 -1.768591 0.611325
0.601439 -1.768591 0.611325
0.601439 -1.768591 0.611325
0.601439 -1.768591 0.611325
0.601439 -1.768591 0.611325
0.601439 -1.768591 0.611325
0.601439 -1.768591 0.611325
0.601439 -1.768591 0.611325
0.601439 -1.768591 0.611325
0.601439 -1.768591 0.611325
0.601439 -1.768591 0.611325
0.601439 -1.768591 0.611325
0.601439 -1.768591 0.611325
0.601439 -1.768591 0.611325
0.601439 -1.768591 0.611325
0.601439 -1.768591 0.611325
0.601439 -1.768591 0.611325
0.601439 -1.768591 0.611325
0.601439 -1.768591 0.611325
0.601439 -1.768591 0.611325
0.601439 -1.768591 0.611325
0.601439 -1.768591 0.611325
0.601439 -1.768591 0.611325
0.601439 -1.768591 0.611325
0.601439 -1.768591 0.611325
0.601439 -1.768591 0.611325
0.601439 -1.768591 0.611325
0.601439 -1.768591 0.611325
0.601439 -1.768591 0.611325
0.601439 -1.768591 0.611325
0.601439 -1.768591 0.611325
0.601439 -1.768591 0.611325
0.601439 -1.768591 0.611325
0.601439 -1.768591 0.611325
0.601439 -1.768591 0.611325
0.601439 -1.768591 0.611325
0.601439 -1.768591 0.611325
0.601439 -1.768591 0.611325
0.601439 -1.768591 0.611325
0.601439 -1.768591 0.611325
0.601439 -1.767536 0.611325
0.601439 -1.762570 0.611325
0.601439 -1.754109 0.611325
0.601439 -1.744109 0.611325
0.601439 -1.734109 0.611325
0.601050 -1.730807 0.611325
0.601050 -1.730750 0.611325
0.601050 -1.726533 0.611325
0.601050 -1.716533 0.611325
0.601050 -1.715478 0.611325
0.601050 -1.715421 0.611325
0.601050 -1.709207 0.611325
0.600328 -1.699207 0.611325
0.599440 -1.696487 0.611325
0.599440 -1.695266 0.611325
0.599440 -1.689801 0.611325
0.599440 -1.679801 0.611325
0.598719 -1.676998 0.611325
0.598719 -1.676998 0.611325
0.598719 -1.666998 0.611325
0.598662 -1.658204 0.611325
0.598662 -1.657648 0.611325
0.598662 -1.649104 0.611325
0.598662 -1.649104 0.611325
0.598662 -1.649104 0.611325
0.598662 -1.639104 0.611325
0.597608 -1.635802 0.611325
0.597608 -1.631835 0.611325
0.597608 -1.621835 0.611325
0.595555 -1.620031 0.611325
0.595499 -1.610031 0.611325
0.593279 -1.607228 0.611325
0.593279 -1.598435 0.611325
0.593279 -1.598435 0.611325
0.592641 -1.597130 0.611325
0.592641 -1.587130 0.611325
0.590588 -1.583079 0.611325
0.589700 -1.579777 0.611325
0.589700 -1.569777 0.611325
0.588812 -1.569304 0.611325
0.588812 -1.559304 0.611325
0.588812 -1.552757 0.611325
0.588756 -1.549455 0.611325
0.588756 -1.549455 0.611325
0.588533 -1.548233 0.611325
0.588533 -1.538233 0.611325
0.588533 -1.532435 0.611325
0.588310 -1.531879 0.611325
0.588310 -1.530824 0.611325
0.588310 -1.530824 0.611325
0.588310 -1.530824 0.611325
0.588310 -1.530824 0.611325
0.588310 -1.530824 0.611325
0.588310 -1.530824 0.611325
0.588310 -1.530824 0.611325
0.588310 -1.530824 0.611325
0.588310 -1.530824 0.611325
0.588310 -1.530824 0.611325
0.588310 -1.530824 0.611325
0.588310 -1.530824 0.611325
0.588310 -1.530824 0.611325
0.588310 -1.530824 0.611325
0.588310 -1.530824 0.611325
0.588310 -1.530824 0.612237
0.588310 -1.530824 0.612237
0.588310 -1.530824 0.612237
0.588310 -1.530824 0.612237
0.588310 -1.530824 0.612237
0.588310 -1.530824 0.614350
0.588310 -1.530824 0.614350
0.588310 -1.530824 0.624267
0.588310 -1.530824 0.624267
0.588310 -1.530824 0.624267
0.588310 -1.530824 0.624267
0.588310 -1.530824 0.624267
0.588310 -1.530824 0.631532
0.588310 -1.530824 0.640413
0.588310 -1.530824 0.644557
0.588310 -1.530824 0.654557
0.588310 -1.530824 0.658867
0.588310 -1.530824 0.668867
0.588310 -1.530824 0.675552
0.588310 -1.530824 0.685552
0.588310 -1.530824 0.691822
0.588310 -1.530824 0.691822
0.588310 -1.530824 0.698962
0.588310 -1.530824 0.705232
0.588310 -1.530824 0.715232
0.588310 -1.530824 0.721213
0.588310 -1.530824 0.727483
0.588310 -1.530824 0.737483
0.588310 -1.530824 0.747110
0.588310 -1.530824 0.754374
0.588310 -1.530824 0.764374
0.588310 -1.530824 0.767648
0.588310 -1.530824 0.767648
0.588310 -1.530824 0.767648
0.588310 -1.530824 0.767648
0.588310 -1.530824 0.767648
0.588310 -1.530824 0.767648
0.588310 -1.530824 0.767648
0.588310 -1.530824 0.767648
0.588310 -1.530824 0.767648
0.588310 -1.530824 0.767648
0.588310 -1.530824 0.767648
0.588310 -1.530824 0.767648
0.588310 -1.530824 0.767648
0.588310 -1.530824 0.767648
0.588310 -1.530824 0.767648
0.588310 -1.530824 0.767648
0.588310 -1.530824 0.767648
0.588310 -1.530824 0.767648
0.588310 -1.530824 0.767648
0.588310 -1.530824 0.767648
0.588310 -1.530824 0.767648
0.588310 -1.530824 0.767648
0.588310 -1.530824 0.767648
0.588310 -1.530824 0.767648
0.588310 -1.530824 0.767648
0.588310 -1.530824 0.767648
0.588310 -1.530824 0.767648
0.588310 -1.530824 0.767648
0.588310 -1.530824 0.767648
0.588310 -1.530824 0.767648
0.588310 -1.530824 0.767648
0.588310 -1.530824 0.767648
0.588310 -1.530824 0.767648
0.588310 -1.530824 0.767648
0.588310 -1.530824 0.767648
0.588310 -1.530824 0.767648
0.588310 -1.530824 0.767648
0.588310 -1.530824 0.767648
0.588310 -1.530824 0.767648
0.588310 -1.530824 0.767648
0.588310 -1.530824 0.767648
0.588310 -1.530824 0.767648
0.588310 -1.530824 0.767648
0.588310 -1.530824 0.767648
0.588310 -1.530824 0.767648
0.588310 -1.530824 0.767648
0.588310 -1.530824 0.767648
0.588310 -1.530824 0.767648
0.588310 -1.530824 0.767648
0.588310 -1.530824 0.767648
0.588310 -1.530824 0.767648
0.588310 -1.530824 0.767648
0.588310 -1.530824 0.767648
0.588310 -1.530824 0.767648
0.588310 -1.530824 0.767648
0.588310 -1.530824 0.767648
0.588310 -1.530824 0.767648
0.588310 -1.530824 0.767648
0.588310 -1.530824 0.767648
0.588310 -1.530824 0.767648
0.588310 -1.530824 0.767648
0.588310 -1.530824 0.767648
0.588310 -1.530824 0.767648
0.588310 -1.530824 0.767648
0.588310 -1.530824 0.767648
0.588310 -1.530824 0.767648
0.588310 -1.530824 0.767648
0.588310 -1.530824 0.767648
0.588310 -1.530824 0.767648
0.588310 -1.530824 0.767648
0.588310 -1.530824 0.767648
0.588310 -1.530824 0.767648
0.588310 -1.530824 0.767648
0.588310 -1.530824 0.767648
0.588310 -1.530824 0.767648
0.588310 -1.530824 0.767648
0.588310 -1.530824 0.767648
0.588310 -1.530824 0.767648
0.588310 -1.530824 0.767648
0.588310 -1.530824 0.767648
0.588310 -1.530824 0.767648
0.588310 -1.530824 0.767648
0.588310 -1.530824 0.767648
0.588310 -1.530824 0.767648
0.588310 -1.530824 0.767648
0.588310 -1.530824 0.767648
0.588310 -1.530824 0.767648
0.588310 -1.530824 0.767648
0.588310 -1.530824 0.767648
0.588310 -1.530824 0.767648
0.588310 -1.530824 0.767648
0.588310 -1.530824 0.767648
0.588310 -1.530824 0.767648
0.588310 -1.530824 0.767648
0.588310 -1.530824 0.767648
0.588310 -1.530824 0.767648
0.588310 -1.530824 0.767648
0.588310 -1.530824 0.767648
0.588310 -1.530824 0.767648
0.588310 -1.530824 0.767648
0.588310 -1.530824 0.767648
0.588310 -1.530824 0.767648
0.588310 -1.530824 0.767648
0.588310 -1.530824 0.767648
0.588310 -1.530824 0.767648
0.588310 -1.530824 0.767648
0.588310 -1.530824 0.767648
0.588310 -1.530824 0.767648
0.588310 -1.530824 0.767648
0.588310 -1.530824 0.767648
0.588310 -1.530824 0.767648
0.588310 -1.530824 0.767648
0.588310 -1.530824 0.767648
0.588310 -1.530824 0.767648
0.591945 -1.530824 0.767648
0.601945 -1.530824 0.767648
0.599476 -1.530824 0.767648
0.599476 -1.530824 0.767648
0.598755 -1.530824 0.767648
0.588755 -1.531879 0.767648
0.588755 -1.531879 0.767648
0.580960 -1.531879 0.767648
0.578907 -1.531879 0.767648
0.578907 -1.531879 0.767648
0.568907 -1.531879 0.767648
0.564940 -1.531879 0.767648
0.564940 -1.531879 0.767648
0.554940 -1.531879 0.767648
0.554940 -1.531879 0.767648
0.554940 -1.531879 0.767648
0.554940 -1.531879 0.767648
0.554940 -1.531879 0.767648
0.544940 -1.531655 0.767648
0.538893 -1.530184 0.767648
0.528893 -1.530184 0.767648
0.518893 -1.530184 0.767648
0.508893 -1.530184 0.767648
0.504427 -1.530184 0.767648
0.504427 -1.530184 0.767648
0.504427 -1.530184 0.767648
0.504427 -1.530184 0.767648
0.504427 -1.530184 0.767648
0.504427 -1.530184 0.767648
0.504427 -1.530184 0.767648
0.494427 -1.530740 0.767648
0.494427 -1.530740 0.767648
0.494427 -1.530740 0.767648
0.494427 -1.530740 0.767648
0.494427 -1.536204 0.767648
0.494427 -1.536204 0.767648
0.494427 -1.536204 0.767648
0.494427 -1.546204 0.767648
0.494427 -1.546204 0.767648
0.494427 -1.556204 0.767648
0.494427 -1.556204 0.767648
0.494427 -1.566204 0.767648
0.494427 -1.570088 0.767648
0.494427 -1.573306 0.767648
0.494427 -1.583306 0.767648
0.494427 -1.583306 0.767648
0.494567 -1.593306 0.767648
0.494567 -1.595942 0.767648
0.494567 -1.595942 0.767648
0.494567 -1.605942 0.767648
0.494567 -1.607495 0.767648
0.494567 -1.617495 0.767648
0.494567 -1.627495 0.767648
0.494567 -1.632294 0.767648
0.494623 -1.642294 0.767648
0.497093 -1.642294 0.767648
0.497093 -1.642294 0.767648
0.497093 -1.642294 0.767648
0.497093 -1.642294 0.767648
0.497093 -1.642294 0.767648
0.497093 -1.642294 0.767648
0.497093 -1.642294 0.767648
0.497093 -1.642294 0.767648
0.497093 -1.642294 0.767648
0.497093 -1.642294 0.767648
0.497093 -1.642294 0.767648
0.497093 -1.642294 0.767648
0.497093 -1.642294 0.767648
0.497093 -1.642294 0.767648
0.497093 -1.642294 0.767648
0.497093 -1.642294 0.767648
0.497233 -1.652294 0.767648
0.497233 -1.652294 0.767648
0.497233 -1.662294 0.767648
0.497233 -1.664347 0.767648
0.497233 -1.673806 0.767648
0.497233 -1.683806 0.767648
0.497233 -1.691850 0.767648
0.497233 -1.691850 0.767648
0.497233 -1.701850 0.767648
0.497955 -1.711850 0.767648
0.497955 -1.711850 0.767648
0.497955 -1.718896 0.767648
0.497955 -1.728896 0.767648
0.497955 -1.731615 0.767648
0.497955 -1.731920 0.767648
0.497955 -1.741920 0.767648
0.497955 -1.747468 0.767648
0.497955 -1.747468 0.767648
0.496901 -1.750436 0.767648
0.496678 -1.760436 0.767648
0.496678 -1.760436 0.767648
0.496678 -1.760436 0.767648
0.496678 -1.770436 0.767648
0.496678 -1.775235 0.767648
0.496678 -1.785235 0.767648
0.496678 -1.795235 0.767648
0.499980 -1.796124 0.767648
0.501119 -1.806124 0.767648
0.501119 -1.816124 0.767648
0.502673 -1.816124 0.767648
0.503229 -1.826124 0.767648
0.503286 -1.836124 0.767648
0.503286 -1.836124 0.767648
0.503286 -1.836124 0.767648
0.503286 -1.836124 0.767648
0.503286 -1.836124 0.767648
0.503286 -1.836124 0.767648
0.503286 -1.836124 0.767648
0.503286 -1.836124 0.767648
0.503286 -1.836124 0.767648
0.503286 -1.836124 0.767648
0.503286 -1.836124 0.767648
0.503286 -1.836124 0.767648
0.503286 -1.836124 0.767648
0.503286 -1.836124 0.767648
0.503286 -1.836124 0.767648
0.503286 -1.836124 0.767648
0.503286 -1.836124 0.767648
0.503286 -1.836124 0.767648
0.503286 -1.836124 0.767648
0.503286 -1.836124 0.767648
0.503286 -1.836124 0.767648
0.503286 -1.836124 0.767648
0.503286 -1.836124 0.767648
0.503286 -1.836124 0.767648
0.503286 -1.836124 0.767648
0.503286 -1.836124 0.767648
0.503286 -1.836124 0.767648
0.503286 -1.836124 0.767648
0.503286 -1.836124 0.767648
0.503286 -1.836124 0.767648
0.503286 -1.836124 0.767648
0.503286 -1.836124 0.767648
0.503286 -1.836124 0.767648
0.503286 -1.836124 0.767648
0.503286 -1.836124 0.767648
0.503286 -1.836124 0.767648
0.503286 -1.836124 0.767648
0.503286 -1.836124 0.767648
0.503286 -1.836124 0.767648
0.503286 -1.836124 0.767648
0.503286 -1.836124 0.767648
0.503286 -1.836124 0.767648
0.503286 -1.836124 0.767648
0.503286 -1.836124 0.767648
0.503286 -1.836124 0.767648
0.503286 -1.836124 0.767648
0.503286 -1.835401 0.767648
0.503286 -1.835401 0.767648
0.503286 -1.835401 0.767648
0.503286 -1.835401 0.767648
0.503286 -1.835401 0.767648
0.503286 -1.828188 0.767648
0.502564 -1.819894 0.767648
0.502564 -1.819894 0.767648
0.502564 -1.819894 0.767648
0.502564 -1.809894 0.767648
0.502564 -1.809894 0.767648
0.502564 -1.803097 0.767648
0.502564 -1.793097 0.767648
0.502564 -1.793097 0.767648
0.502564 -1.793097 0.767648
0.502564 -1.793097 0.767648
0.502564 -1.793097 0.767648
0.502564 -1.793097 0.767648
0.502564 -1.793097 0.767648
0.502564 -1.793097 0.767648
0.502564 -1.793097 0.767648
0.502564 -1.793097 0.767648
0.502564 -1.793097 0.767648
0.502564 -1.793097 0.767648
0.502564 -1.793097 0.767648
0.502564 -1.793097 0.767648
0.502564 -1.793097 0.767648
0.502564 -1.793097 0.767648
0.502564 -1.793097 0.767648
0.502564 -1.793097 0.767648
0.502564 -1.793097 0.767648
0.502564 -1.793097 0.767648
0.502564 -1.793097 0.767648
0.502564 -1.793097 0.767648
0.502564 -1.793097 0.767648
0.502564 -1.793097 0.767648
0.502564 -1.793097 0.767648
0.502564 -1.793097 0.767648
0.502564 -1.793097 0.767648
0.502564 -1.793097 0.767648
0.502564 -1.793097 0.767648
0.502564 -1.793097 0.767648
0.502564 -1.793097 0.767648
0.502564 -1.793097 0.759762
0.502564 -1.793097 0.759762
0.502564 -1.793097 0.753492
0.502564 -1.793097 0.753492
0.502564 -1.793097 0.743492
0.502564 -1.793097 0.743492
0.502564 -1.793097 0.733492
0.502564 -1.793097 0.723492
0.502564 -1.793097 0.719140
0.502564 -1.793097 0.710674
0.502564 -1.793097 0.700674
0.502564 -1.793097 0.691502
0.502564 -1.793097 0.681751
0.502564 -1.793097 0.681751
0.502564 -1.793097 0.681751
0.502564 -1.793097 0.681751
0.502564 -1.793097 0.681751
0.502564 -1.793097 0.681751
0.502564 -1.793097 0.681751
0.502564 -1.793097 0.681751
0.502564 -1.793097 0.681751
0.502564 -1.793097 0.681751
0.502564 -1.793097 0.681751
0.502564 -1.793097 0.681751
0.502564 -1.793097 0.681751
0.502564 -1.793097 0.681751
0.502564 -1.793097 0.681751
0.502564 -1.793097 0.681751
0.502564 -1.793097 0.681751
0.502564 -1.793097 0.681751
0.502564 -1.793097 0.681751
0.502564 -1.793097 0.681751
0.502564 -1.793097 0.681751
0.502564 -1.793097 0.681751
0.502564 -1.793097 0.681751
0.502564 -1.793097 0.681751
0.502564 -1.793097 0.681751
0.502564 -1.793097 0.681751
0.502564 -1.793097 0.681751
0.502564 -1.793097 0.681751
0.502564 -1.793097 0.681751
0.502564 -1.793097 0.681751
0.502564 -1.793097 0.681751
0.502564 -1.793097 0.681751
0.502564 -1.793097 0.681751
0.502564 -1.793097 0.681751
0.502564 -1.793097 0.681751
0.502564 -1.793097 0.681751
0.502564 -1.793097 0.681751
0.502564 -1.793097 0.681751
0.502564 -1.793097 0.681751
0.502564 -1.793097 0.681751
0.502564 -1.793097 0.681751
0.502564 -1.793097 0.681751
0.502564 -1.793097 0.681751
0.502564 -1.793097 0.681751
0.502564 -1.793097 0.681751
0.502564 -1.793097 0.681751
0.502564 -1.793097 0.681751
0.502564 -1.793097 0.681751
0.502564 -1.793097 0.681751
0.502564 -1.793097 0.681751
0.502564 -1.793097 0.681751
0.502564 -1.793097 0.681751
0.502564 -1.793097 0.681751
0.502564 -1.793097 0.681751
0.502564 -1.793097 0.681751
0.502564 -1.793097 0.681751
0.502564 -1.793097 0.681751
0.502564 -1.793097 0.681751
0.502564 -1.793097 0.681751
0.503536 -1.793097 0.681751
0.503536 -1.793097 0.681751
0.503536 -1.793097 0.681751
0.503536 -1.793097 0.681751
0.503536 -1.793097 0.681751
0.503536 -1.793097 0.681751
0.503536 -1.793097 0.681751
0.503536 -1.793097 0.681751
0.503536 -1.793097 0.681751
0.503536 -1.793097 0.679306
0.503536 -1.793097 0.679306
0.503536 -1.793097 0.669306
0.503536 -1.793097 0.669306
0.503536 -1.793097 0.659306
0.503536 -1.793097 0.659306
0.503536 -1.793097 0.659306
0.503536 -1.793097 0.659306
0.503536 -1.793097 0.659306
0.503536 -1.793097 0.659306
0.503536 -1.793097 0.651130
0.503536 -1.793097 0.651130
0.503536 -1.793097 0.641130
0.503536 -1.793097 0.641130
0.503536 -1.793097 0.631130
0.503536 -1.793097 0.631130
0.503536 -1.793097 0.622083
0.503536 -1.793097 0.622083
0.503536 -1.793097 0.622083
0.503536 -1.793097 0.612083
0.503536 -1.793097 0.612083
0.503536 -1.793097 0.612083
0.503536 -1.793097 0.612083
0.503536 -1.793097 0.605523
0.503536 -1.793097 0.605523
0.503536 -1.793097 0.605523
0.503536 -1.793097 0.605523
0.503536 -1.793097 0.605523
0.503536 -1.793097 0.605523
0.503536 -1.793097 0.605523
0.503536 -1.793097 0.605523
0.503536 -1.793097 0.605523
0.503536 -1.793097 0.605523
0.503536 -1.793097 0.605523
0.503536 -1.793097 0.605523
0.503536 -1.793097 0.605523
0.503536 -1.793097 0.605523
0.503536 -1.793097 0.615523
0.503536 -1.793097 0.615523
0.503536 -1.793097 0.615523
0.503536 -1.793097 0.615523
0.503536 -1.793097 0.615523
0.503536 -1.793097 0.615523
0.503536 -1.793097 0.615523
0.503536 -1.793097 0.615523
0.503536 -1.793097 0.615523
0.503536 -1.793097 0.615523
0.503536 -1.793097 0.615523
0.503536 -1.793097 0.615523
0.503536 -1.793097 0.615523
0.503536 -1.793097 0.615523
0.503536 -1.793097 0.615523
0.503536 -1.793097 0.615523
0.503536 -1.793097 0.615523
0.503536 -1.793097 0.615523
0.503536 -1.793097 0.615523
0.503536 -1.793097 0.615523
0.503536 -1.793097 0.615523
0.503536 -1.793097 0.615523
0.503536 -1.793097 0.615523
0.503536 -1.793097 0.615523
0.503536 -1.793097 0.615523
0.503536 -1.793097 0.615523
0.503536 -1.793097 0.615523
0.503536 -1.793097 0.615523
0.503536 -1.793097 0.615523
0.503536 -1.793097 0.615523
0.503536 -1.793097 0.615523
0.503536 -1.793097 0.615523
0.503536 -1.793097 0.615523
0.503536 -1.793097 0.615523
0.503536 -1.793097 0.615523
0.503536 -1.793097 0.615523
0.503536 -1.793097 0.615523
0.503536 -1.793097 0.615523
0.503536 -1.793097 0.615523
0.503536 -1.793097 0.615523
0.503536 -1.793097 0.615523
0.503536 -1.793097 0.615523
0.503536 -1.793097 0.615523
0.503536 -1.793097 0.615523
0.503536 -1.793097 0.615523
0.503536 -1.793097 0.615523
0.503536 -1.793097 0.615523
0.503536 -1.793097 0.615523
0.503536 -1.793097 0.615523
0.503536 -1.793097 0.615523
0.503536 -1.793097 0.615523
0.503536 -1.793097 0.615523
0.503536 -1.793097 0.615523
0.503536 -1.793097 0.615523
0.503536 -1.793097 0.615523
0.503536 -1.793097 0.615523
0.503536 -1.793097 0.615523
0.503536 -1.793097 0.615523
0.503536 -1.793097 0.615523
0.503536 -1.793097 0.615523
0.503536 -1.793097 0.615523
0.503536 -1.793097 0.615523
0.503536 -1.793097 0.615523
0.503536 -1.793097 0.615523
0.503536 -1.793097 0.615523
0.503536 -1.793097 0.615523
0.503536 -1.793097 0.615523
0.503536 -1.793097 0.615523
0.503536 -1.793097 0.615523
0.503536 -1.793097 0.615523
0.503536 -1.793097 0.615523
0.503536 -1.793097 0.615523
0.503536 -1.793097 0.615523
0.503536 -1.793097 0.615523
0.503536 -1.793097 0.615523
0.503536 -1.793097 0.615523
0.503536 -1.793097 0.615523
0.503536 -1.793097 0.615523
0.503536 -1.793097 0.615523
0.503536 -1.793097 0.615523
0.503536 -1.793097 0.615523
0.503536 -1.793097 0.615523
0.503536 -1.793097 0.615523
0.503536 -1.793097 0.615523
0.503536 -1.793097 0.615523
0.503536 -1.793097 0.615523
0.503536 -1.793097 0.615523
0.503536 -1.793097 0.615523
0.503536 -1.793097 0.615523
0.503536 -1.793097 0.615523
0.503536 -1.793097 0.615523
0.503536 -1.793097 0.615523
0.503536 -1.793097 0.615523
0.503536 -1.793097 0.615523
0.503536 -1.792874 0.615523
0.498238 -1.783664 0.615523
0.498238 -1.783664 0.615523
0.498238 -1.783664 0.615523
0.498238 -1.783664 0.615523
0.498238 -1.783664 0.615523
0.498238 -1.783664 0.615523
0.498238 -1.783664 0.615523
0.498238 -1.783664 0.615523
0.498238 -1.783664 0.615523
0.498238 -1.783664 0.615523
0.498238 -1.783664 0.615523
0.495602 -1.778448 0.615523
0.491386 -1.772983 0.615523
0.488667 -1.765770 0.615523
0.487613 -1.764216 0.615523
0.487613 -1.764216 0.615523
0.487613 -1.764216 0.615523
0.487613 -1.764216 0.615523
0.487613 -1.764216 0.615523
0.487613 -1.764216 0.615523
0.487613 -1.763743 0.615523
0.487613 -1.763520 0.615523
0.487613 -1.763520 0.615523
0.487613 -1.763520 0.615523
0.487613 -1.763520 0.615523
0.487613 -1.763520 0.615523
0.487613 -1.763520 0.615523
0.487613 -1.763520 0.615523
0.487613 -1.763520 0.615523
0.487613 -1.763520 0.615523
0.487613 -1.763520 0.615523
0.487613 -1.763520 0.615523
0.487613 -1.763520 0.615523
0.487613 -1.763520 0.615523
0.487613 -1.763520 0.615523
0.487613 -1.763520 0.615523
0.487613 -1.763520 0.615523
0.487613 -1.763520 0.615523
0.487613 -1.763520 0.615523
0.487613 -1.763520 0.615523
0.487613 -1.763520 0.615523
0.487613 -1.763520 0.615523
0.487613 -1.763520 0.615523
0.487613 -1.763520 0.615523
0.487613 -1.763520 0.615523
0.487613 -1.763520 0.615523
0.487613 -1.763520 0.615523
0.487613 -1.763520 0.615523
0.487613 -1.763520 0.615523
0.487613 -1.763520 0.615523
0.487613 -1.763520 0.615523
0.487613 -1.763520 0.615523
0.487613 -1.762964 0.615523
0.484228 -1.757998 0.615523
0.484228 -1.757998 0.615523
0.484228 -1.757998 0.615523
0.484228 -1.757998 0.615523
0.484228 -1.757998 0.615523
0.480428 -1.750785 0.615523
0.480428 -1.750785 0.615523
0.480428 -1.750785 0.615523
0.480428 -1.750785 0.615523
0.480428 -1.750785 0.615523
0.480428 -1.750785 0.615523
0.480428 -1.750785 0.615523
0.480428 -1.750785 0.615523
0.480428 -1.750785 0.615523
0.480428 -1.750785 0.615523
0.480428 -1.750785 0.615523
0.480428 -1.750785 0.615523
0.480428 -1.750785 0.615523
0.480428 -1.750785 0.615233
0.480428 -1.750785 0.615233
0.480428 -1.750785 0.615233
0.480428 -1.750785 0.615233
0.480428 -1.750785 0.611337
0.480428 -1.750785 0.611337
0.480428 -1.750785 0.606227
0.480428 -1.750785 0.603327
0.480428 -1.750785 0.603327
0.480428 -1.750785 0.603327
0.480428 -1.750785 0.603327
0.480428 -1.750785 0.603327
0.480428 -1.750785 0.603327
0.480428 -1.750785 0.603327
0.480428 -1.750785 0.603327
0.480428 -1.750785 0.603327
0.480428 -1.750785 0.603327
0.480428 -1.750785 0.603327
0.480428 -1.750785 0.603327
0.480428 -1.750785 0.603327
0.480428 -1.750785 0.603327
0.480428 -1.750785 0.603327
0.480428 -1.750785 0.603327
0.480428 -1.750785 0.603327
0.480428 -1.750785 0.603327
0.480428 -1.750785 0.603327
0.480428 -1.750785 0.603327
0.480428 -1.750785 0.603327
0.480428 -1.750785 0.603327
0.480428 -1.750785 0.603327
0.480428 -1.750785 0.603327
0.480428 -1.750785 0.603327
0.480428 -1.750785 0.603327
0.480428 -1.750785 0.603327
0.480428 -1.750785 0.603327
0.480428 -1.750785 0.603327
0.480428 -1.750785 0.603327
0.480428 -1.750785 0.603327
0.480428 -1.750785 0.603327
0.480428 -1.750785 0.603327
0.480428 -1.750785 0.603327
0.480428 -1.750785 0.603327
0.480428 -1.750785 0.603327
0.480428 -1.750785 0.603327
0.480428 -1.750785 0.603327
0.480428 -1.750785 0.603327
0.480428 -1.750785 0.603327
0.480428 -1.750785 0.603327
0.480428 -1.750785 0.603327
0.480428 -1.750785 0.603327
0.480428 -1.750785 0.603327
0.480428 -1.750785 0.603327
0.480428 -1.750785 0.603327
0.480428 -1.750785 0.603327
0.480428 -1.750785 0.603327
0.480428 -1.750785 0.603327
0.480428 -1.750785 0.603327
0.480428 -1.750785 0.603327
0.480428 -1.750785 0.603327
0.480428 -1.750785 0.603327
0.480428 -1.748815 0.603327
0.478375 -1.738815 0.603327
0.475739 -1.728815 0.603327
0.475739 -1.728815 0.603327
0.475739 -1.728815 0.603327
0.475739 -1.728815 0.603327
0.475739 -1.723849 0.603327
0.474435 -1.713849 0.603327
0.474435 -1.713849 0.603327
0.474435 -1.713849 0.603327
0.474435 -1.708134 0.603327
0.473713 -1.704333 0.603327
0.473713 -1.704333 0.603327
0.473713 -1.694333 0.603327
0.471910 -1.687619 0.603327
0.471910 -1.686397 0.603327
0.471022 -1.676397 0.603327
0.471022 -1.675675 0.603327
0.471022 -1.665675 0.603327
0.470383 -1.660875 0.603327
0.470383 -1.660319 0.603327
0.469745 -1.650319 0.603327
0.469745 -1.650013 0.603327
0.469745 -1.650013 0.603327
0.469745 -1.650013 0.603327
0.469745 -1.650013 0.603327
0.469745 -1.650013 0.603327
0.469745 -1.650013 0.603327
0.469745 -1.650013 0.603327
0.469745 -1.650013 0.603327
0.469745 -1.650013 0.603327
0.469745 -1.650013 0.603327
0.469745 -1.650013 0.603327
0.469745 -1.650013 0.603327
0.469745 -1.650013 0.603327
0.469745 -1.650013 0.603327
0.469745 -1.650013 0.603327
0.469745 -1.650013 0.603327
0.469745 -1.650013 0.603327
0.469745 -1.650013 0.603327
0.469745 -1.650013 0.603327
0.469745 -1.650013 0.603327
0.469745 -1.650013 0.603327
0.469745 -1.650013 0.603327
0.469745 -1.650013 0.603327
0.469745 -1.650013 0.603327
0.469745 -1.650013 0.603327
0.469745 -1.650013 0.603327
0.469745 -1.650013 0.603327
0.469745 -1.650013 0.603327
0.469745 -1.650013 0.603327
0.469745 -1.650013 0.603327
0.469745 -1.650013 0.603327
0.469745 -1.650013 0.603327
0.469745 -1.650013 0.603327
0.469745 -1.650013 0.603616
0.469745 -1.650013 0.605647
0.469745 -1.650013 0.607677
0.469745 -1.650013 0.607677
0.469745 -1.650013 0.607677
0.469745 -1.650013 0.607677
0.469745 -1.650013 0.607677
0.469745 -1.650013 0.607677
0.469745 -1.650013 0.607677
0.469745 -1.650013 0.607677
0.469745 -1.650013 0.607677
0.469745 -1.650013 0.607677
0.469745 -1.650013 0.607677
0.469745 -1.650013 0.607677
0.469745 -1.650013 0.607677
0.469745 -1.650013 0.607677
0.469745 -1.650013 0.607677
0.469745 -1.650013 0.607677
0.469745 -1.650013 0.607677
0.469745 -1.650013 0.607677
0.469745 -1.650013 0.607677
0.469745 -1.650013 0.607677
0.469745 -1.650013 0.607677
0.469745 -1.650013 0.607677
0.469745 -1.650013 0.607677
0.469745 -1.650013 0.607677
0.469745 -1.650013 0.607677
0.469745 -1.650013 0.607677
0.469745 -1.650013 0.607677
0.469745 -1.650013 0.607677
0.469745 -1.650013 0.607677
0.469745 -1.650013 0.607677
0.469745 -1.650013 0.607677
0.469745 -1.650013 0.607677
0.469745 -1.650013 0.607677
0.469745 -1.650013 0.607677
0.469745 -1.650013 0.607677
0.469745 -1.650013 0.607677
0.469745 -1.650013 0.607677
0.469745 -1.650013 0.607677
0.469745 -1.650013 0.607677
0.469745 -1.650013 0.607677
0.469745 -1.650013 0.607677
0.469745 -1.650013 0.607677
0.469745 -1.650013 0.607677
0.469745 -1.650013 0.607677
0.469745 -1.650013 0.607677
0.469745 -1.650013 0.607677
0.469745 -1.650013 0.607677
0.469745 -1.650013 0.607677
0.469745 -1.650013 0.607677
0.469745 -1.650013 0.607677
0.469745 -1.650013 0.607677
0.469745 -1.650013 0.607677
0.469745 -1.650013 0.607677
0.469745 -1.650013 0.607677
0.469745 -1.650013 0.607677
0.469745 -1.650013 0.607677
0.469745 -1.650013 0.607677
0.469745 -1.650013 0.607677
0.469745 -1.650013 0.607677
0.469745 -1.650013 0.607677
0.469745 -1.650013 0.607677
0.469745 -1.650013 0.607677
0.469745 -1.650013 0.607677
0.469745 -1.650013 0.607677
0.469745 -1.650013 0.607677
0.469745 -1.650013 0.607677
0.469745 -1.650013 0.607677
0.469745 -1.650013 0.607677
0.469745 -1.650013 0.607677
0.469745 -1.650013 0.607677
0.469745 -1.650013 0.607677
0.469745 -1.650013 0.607677
0.469745 -1.650013 0.607677
0.469745 -1.650013 0.607677
0.469745 -1.650013 0.607677
0.469745 -1.650013 0.607677
0.469745 -1.650013 0.607677
0.469745 -1.650013 0.607677
0.469745 -1.650013 0.607677
0.469745 -1.650013 0.607677
0.469745 -1.650013 0.607677
0.469745 -1.650013 0.607677
0.469745 -1.650013 0.607677
0.469745 -1.650013 0.607677
0.469745 -1.650013 0.607677
0.469745 -1.650013 0.607677
0.469745 -1.650013 0.607677
0.469745 -1.650013 0.607677
0.469745 -1.650013 0.607677
0.469745 -1.650013 0.607677
0.469745 -1.650013 0.607677
0.469745 -1.650013 0.607677
0.469745 -1.652232 0.607677
0.469745 -1.662232 0.607677
0.469745 -1.662232 0.607677
0.469745 -1.662232 0.607677
0.469745 -1.662232 0.607677
0.469745 -1.662232 0.607677
0.469745 -1.662232 0.607677
0.469745 -1.662232 0.607677
0.469745 -1.662232 0.607677
0.469745 -1.662009 0.607677
0.471299 -1.659207 0.607677
0.472854 -1.655489 0.607677
0.476072 -1.647194 0.607677
0.478875 -1.642145 0.607677
0.478875 -1.642145 0.607677
0.478875 -1.642145 0.607677
0.478875 -1.642145 0.607677
0.478875 -1.642145 0.607677
0.478875 -1.642145 0.607677
0.478875 -1.644780 0.607677
0.479348 -1.654780 0.607677
0.479348 -1.654780 0.607677
0.479348 -1.654780 0.607677
0.479348 -1.654780 0.607677
0.479348 -1.654780 0.607677
0.479348 -1.654780 0.607677
0.479348 -1.664780 0.607677
0.479654 -1.669995 0.607677
0.479654 -1.669995 0.607677
0.479654 -1.669995 0.607677
0.479654 -1.669995 0.607677
0.479654 -1.674961 0.607677
0.479654 -1.683588 0.607677
0.479654 -1.683588 0.607677
0.479654 -1.683588 0.607677
0.479654 -1.683588 0.607677
0.479654 -1.683588 0.607677
0.479654 -1.683588 0.607677
0.479654 -1.683588 0.607677
0.479654 -1.683588 0.607677
0.479654 -1.683588 0.607677
0.479654 -1.683588 0.607677
0.479654 -1.683588 0.607677
0.486700 -1.683588 0.607677
0.496700 -1.682616 0.607677
0.504995 -1.681644 0.607677
0.504995 -1.681644 0.607677
0.504995 -1.681644 0.607677
0.504995 -1.681644 0.607677
0.512041 -1.681644 0.607677
0.522041 -1.681587 0.607677
0.522041 -1.681587 0.607677
0.522041 -1.681587 0.607677
0.523013 -1.681587 0.607677
0.533013 -1.681587 0.607677
0.535483 -1.681587 0.607677
0.535483 -1.681587 0.607677
0.535483 -1.681587 0.607677
0.545483 -1.681587 0.607677
0.545483 -1.681587 0.607677
0.545483 -1.681587 0.607677
0.545483 -1.681587 0.607677
0.545483 -1.681587 0.607677
0.545483 -1.681587 0.607677
0.545483 -1.681587 0.607677
0.545483 -1.681587 0.607677
0.545483 -1.681587 0.607677
0.545483 -1.681587 0.607677
0.545483 -1.681587 0.607677
0.545483 -1.681587 0.607677
0.545483 -1.681587 0.607677
0.545483 -1.681587 0.607677
0.545483 -1.681587 0.607677
0.545483 -1.681587 0.607677
0.545483 -1.681587 0.607677
0.545483 -1.681587 0.607677
0.545483 -1.681587 0.607677
0.545483 -1.681587 0.607677
0.545483 -1.681587 0.607677
0.545483 -1.681587 0.607677
0.545483 -1.681587 0.607677
0.545483 -1.681587 0.607677
0.545483 -1.681587 0.607677
0.545483 -1.681587 0.607677
0.545483 -1.681587 0.607677
0.545483 -1.681587 0.607677
0.545483 -1.675040 0.607677
0.545483 -1.675040 0.607677
0.544761 -1.674484 0.607677
0.544123 -1.664484 0.607677
0.541404 -1.661931 0.607677
0.538686 -1.651931 0.607677
0.534219 -1.650127 0.607677
0.530252 -1.640127 0.607677
0.525287 -1.635161 0.607677
0.520322 -1.625369 0.607677
0.513858 -1.619071 0.607677
0.508061 -1.609778 0.607677
0.501598 -1.603481 0.607677
0.494885 -1.597683 0.607677
0.488172 -1.592467 0.607677
0.488172 -1.592467 0.607677
0.488172 -1.592467 0.607677
0.488172 -1.592467 0.607677
0.488172 -1.592467 0.607677
0.488172 -1.592467 0.607677
0.488172 -1.592467 0.607677
0.488172 -1.592467 0.607677
0.488172 -1.592467 0.607677
0.488172 -1.592467 0.607677
0.488172 -1.592467 0.607677
0.488172 -1.592467 0.607677
0.488172 -1.592467 0.607677
0.488172 -1.592467 0.607677
0.488172 -1.592467 0.607677
0.488172 -1.592467 0.607677
0.488172 -1.592467 0.607677
0.488172 -1.592467 0.607677
0.488172 -1.592467 0.607677
0.488172 -1.592467 0.607677
0.488172 -1.592467 0.607677
0.488172 -1.592467 0.607677
0.488172 -1.592467 0.607677
0.488172 -1.592467 0.607677
0.488172 -1.592467 0.607677
0.488172 -1.592467 0.607677
0.488172 -1.592467 0.607677
0.488172 -1.592467 0.607677
0.488172 -1.592467 0.607677
0.488172 -1.592467 0.607677
0.488172 -1.592467 0.607677
0.488172 -1.592467 0.607677
0.488172 -1.592467 0.607677
0.488172 -1.592467 0.607677
0.488172 -1.592467 0.607677
0.488172 -1.592467 0.607677
0.488172 -1.592467 0.607677
0.488172 -1.592467 0.607677
0.488172 -1.592467 0.607677
0.488172 -1.592467 0.607677
0.488172 -1.592467 0.607677
0.488172 -1.592467 0.607677
0.488172 -1.592467 0.607677
0.488172 -1.592467 0.607677
0.488172 -1.592467 0.607677
0.488172 -1.592467 0.607677
0.488172 -1.592467 0.607677
