0.316040 -1.645600 0.626130
0.316040 -1.645600 0.626130
0.316040 -1.645600 0.626130
0.316040 -1.645600 0.626130
0.316040 -1.645600 0.626130
0.316040 -1.645600 0.626130
0.316040 -1.645600 0.626130
0.316040 -1.645600 0.626130
0.316040 -1.645600 0.626130
0.316040 -1.645600 0.626130
0.316040 -1.645600 0.626130
0.316040 -1.645600 0.626130
0.316040 -1.645600 0.626130
0.316040 -1.645600 0.626130
0.316040 -1.645600 0.626130
0.316040 -1.645600 0.626130
0.316040 -1.645600 0.626130
0.316040 -1.645600 0.626130
0.316040 -1.645600 0.626130
0.316040 -1.645600 0.626130
0.316040 -1.645600 0.626130
0.316040 -1.645600 0.626130
0.316040 -1.645600 0.626130
0.316040 -1.645600 0.626130
0.316040 -1.645600 0.626130
0.316040 -1.645600 0.626130
0.316040 -1.645600 0.626130
0.316040 -1.645600 0.626130
0.316040 -1.645600 0.626130
0.316040 -1.645600 0.626130
0.316040 -1.645600 0.626130
0.316040 -1.645600 0.626130
0.316040 -1.645600 0.626130
0.316040 -1.645600 0.626130
0.316040 -1.645600 0.626130
0.316040 -1.645600 0.626130
0.316180 -1.645600 0.626130
0.323809 -1.645600 0.626130
0.333809 -1.646239 0.626130
0.333809 -1.646239 0.626130
0.333809 -1.646239 0.626130
0.333809 -1.646239 0.626130
0.333809 -1.646239 0.626130
0.333809 -1.646239 0.626130
0.333809 -1.646239 0.626130
0.333809 -1.646239 0.626130
0.333809 -1.646239 0.626130
0.333809 -1.646239 0.626130
0.333809 -1.646239 0.626130
0.333809 -1.646239 0.626130
0.333809 -1.646239 0.626130
0.333809 -1.646239 0.626130
0.334781 -1.646239 0.626130
0.336418 -1.646239 0.626130
0.337640 -1.646239 0.626130
0.337697 -1.646239 0.626130
0.337754 -1.646239 0.626130
0.337754 -1.646239 0.626130
0.337754 -1.646239 0.626130
0.337754 -1.646239 0.626130
0.337754 -1.646239 0.626130
0.337754 -1.646239 0.626130
0.337754 -1.646239 0.626130
0.337754 -1.646239 0.626130
0.337754 -1.646239 0.626130
0.337754 -1.646239 0.626130
0.337754 -1.646239 0.626130
0.337754 -1.646239 0.626130
0.337754 -1.646239 0.626130
0.337754 -1.646239 0.626130
0.337754 -1.646239 0.626130
0.337754 -1.646239 0.626130
0.337754 -1.646239 0.626130
0.337754 -1.646239 0.626130
0.337754 -1.646239 0.626130
0.337754 -1.646239 0.626130
0.337754 -1.646239 0.626130
0.337754 -1.646239 0.626130
0.337754 -1.646239 0.626130
0.337754 -1.646239 0.626130
0.337754 -1.646239 0.626130
0.337754 -1.646239 0.626130
0.337754 -1.646239 0.626130
0.337754 -1.646239 0.626130
0.337754 -1.646239 0.626130
0.337754 -1.646239 0.626130
0.337754 -1.646239 0.626130
0.337754 -1.646239 0.626130
0.337754 -1.646239 0.626130
0.337754 -1.646239 0.626130
0.337754 -1.646239 0.626130
0.337754 -1.646239 0.626130
0.337754 -1.646239 0.626130
0.337754 -1.646239 0.626130
0.337754 -1.646239 0.626130
0.337754 -1.646239 0.626130
0.337754 -1.646239 0.626130
0.337754 -1.646239 0.626130
0.337754 -1.646239 0.626130
0.337754 -1.646239 0.626130
0.337754 -1.646239 0.626130
0.337754 -1.646239 0.626130
0.337754 -1.646239 0.626130
0.337754 -1.646239 0.626130
0.337754 -1.646239 0.626130
0.337754 -1.646239 0.626130
0.337754 -1.646239 0.626130
0.337754 -1.646239 0.626130
0.337754 -1.646239 0.626130
0.337754 -1.646239 0.626130
0.337754 -1.646239 0.626130
0.337754 -1.646239 0.626130
0.337754 -1.646239 0.626130
0.337754 -1.646239 0.626130
0.337754 -1.646239 0.626130
0.337754 -1.646239 0.626130
0.337754 -1.646239 0.626130
0.337754 -1.646239 0.626130
0.337754 -1.646239 0.626130
0.337754 -1.646239 0.626130
0.337754 -1.646239 0.626130
0.337754 -1.646239 0.626130
0.337754 -1.646239 0.626130
0.337754 -1.646239 0.626130
0.337754 -1.646239 0.626130
0.337754 -1.646239 0.626130
0.337754 -1.646239 0.626130
0.337754 -1.646239 0.626130
0.337754 -1.646239 0.626130
0.337754 -1.646239 0.626130
0.337754 -1.646239 0.626130
0.337754 -1.646239 0.626130
0.337754 -1.646239 0.626130
0.337754 -1.646239 0.626130
0.337754 -1.646239 0.626130
0.337754 -1.646239 0.626130
0.337754 -1.646239 0.626130
0.337754 -1.646239 0.626130
0.337754 -1.646239 0.626130
0.337754 -1.646239 0.626130
0.337754 -1.646239 0.626130
0.337754 -1.646239 0.626130
0.337754 -1.646239 0.626130
0.337754 -1.646239 0.626130
0.337754 -1.646239 0.626130
0.337754 -1.646239 0.626130
0.337754 -1.646239 0.626130
0.337754 -1.646239 0.626130
0.337754 -1.646239 0.626130
0.337754 -1.646239 0.626130
0.337754 -1.646239 0.626130
0.337754 -1.646239 0.626130
0.337754 -1.646239 0.626130
0.337754 -1.646239 0.626130
0.337754 -1.646239 0.626130
0.337754 -1.646239 0.626130
0.337754 -1.646239 0.626130
0.337754 -1.646239 0.626130
0.337754 -1.646239 0.626130
0.337754 -1.646239 0.626130
0.337754 -1.646239 0.626130
0.337754 -1.646239 0.626130
0.337754 -1.646239 0.626130
0.337754 -1.646239 0.626130
0.337754 -1.646239 0.626130
0.337754 -1.646239 0.626130
0.337754 -1.646239 0.626130
0.337754 -1.646239 0.626130
0.337754 -1.646239 0.626130
0.337754 -1.646239 0.626130
0.337754 -1.646239 0.626130
0.337754 -1.646239 0.626130
0.337754 -1.646239 0.626130
0.337754 -1.646239 0.626130
0.337754 -1.646239 0.626130
0.337754 -1.647293 0.626130
0.337754 -1.651759 0.626130
0.337754 -1.656309 0.626130
0.337754 -1.656309 0.626130
0.337754 -1.661024 0.626130
0.337754 -1.667821 0.626130
0.337754 -1.675698 0.626130
0.337754 -1.683743 0.626130
0.337754 -1.692453 0.626130
0.337754 -1.702453 0.626130
0.337754 -1.710497 0.626130
0.337754 -1.717127 0.626130
0.337754 -1.727127 0.626130
0.337754 -1.734422 0.626130
0.337754 -1.744422 0.626130
0.337754 -1.751967 0.626130
0.337754 -1.761967 0.626130
0.340223 -1.770344 0.626130
0.342693 -1.778555 0.626130
0.343415 -1.787930 0.626130
0.343888 -1.796307 0.626130
0.344860 -1.803603 0.626130
0.344860 -1.813311 0.626130
0.344860 -1.820856 0.626130
0.346498 -1.830856 0.626130
0.346498 -1.840856 0.626130
0.346498 -1.840856 0.626130
0.346637 -1.850856 0.626130
0.349024 -1.860856 0.626130
0.349024 -1.860856 0.626130
0.349164 -1.870856 0.626130
0.349164 -1.880856 0.626130
0.349164 -1.880856 0.626130
0.349164 -1.880856 0.626130
0.349164 -1.880856 0.626130
0.349164 -1.880856 0.626130
0.349164 -1.880856 0.626130
0.348775 -1.890856 0.626130
0.347388 -1.900856 0.626130
0.344669 -1.910856 0.626130
0.337706 -1.919316 0.626130
0.328580 -1.925863 0.626130
0.328580 -1.925863 0.626130
0.328580 -1.925863 0.626130
0.328580 -1.925863 0.626130
0.328580 -1.925863 0.626130
0.335044 -1.925863 0.626130
0.335044 -1.925863 0.626130
0.338097 -1.925863 0.626130
0.348097 -1.925863 0.626130
0.349235 -1.925863 0.626130
0.349235 -1.925863 0.626130
0.355033 -1.926252 0.626130
0.365033 -1.926640 0.626130
0.365033 -1.926640 0.626130
0.375033 -1.926640 0.626130
0.375033 -1.926640 0.626130
0.385033 -1.923672 0.626130
0.395033 -1.919870 0.626130
0.404576 -1.913323 0.626130
0.413702 -1.906027 0.626130
0.419750 -1.896485 0.626130
0.419750 -1.896485 0.626130
0.419750 -1.896485 0.626130
0.419750 -1.896485 0.626130
0.419750 -1.896485 0.626130
0.419750 -1.896485 0.626130
0.419750 -1.896485 0.626130
0.419750 -1.896485 0.626130
0.419750 -1.896485 0.626130
0.419750 -1.896485 0.626130
0.419750 -1.897123 0.626130
0.419750 -1.904419 0.626130
0.419750 -1.909883 0.626130
0.419890 -1.918260 0.626130
0.419890 -1.927719 0.626130
0.419890 -1.937719 0.626130
0.419890 -1.946595 0.626130
0.419890 -1.955305 0.626130
0.419890 -1.965305 0.626130
0.419890 -1.965305 0.626130
0.419890 -1.965305 0.626130
0.419890 -1.965305 0.626130
0.419890 -1.965305 0.626130
0.420030 -1.965305 0.626130
0.422915 -1.965305 0.626130
0.429129 -1.965305 0.626130
0.436842 -1.965305 0.626130
0.445136 -1.965305 0.626130
0.455136 -1.965305 0.626130
0.455136 -1.965305 0.626130
0.461933 -1.965305 0.626130
0.466400 -1.965305 0.626130
0.475526 -1.965305 0.626130
0.485526 -1.965305 0.626130
0.485526 -1.965305 0.626130
0.487913 -1.965305 0.626130
0.497913 -1.965305 0.626130
0.504793 -1.965305 0.626130
0.509925 -1.965305 0.626130
0.519925 -1.965305 0.626130
0.525307 -1.965305 0.626130
0.535307 -1.965305 0.626130
0.540939 -1.965305 0.626130
0.545406 -1.965305 0.626130
0.545406 -1.965305 0.626130
0.545406 -1.965305 0.626130
0.545406 -1.965305 0.626130
0.545406 -1.965305 0.626130
0.545406 -1.965305 0.626130
0.545406 -1.965305 0.626130
0.545406 -1.965305 0.626130
0.545406 -1.965305 0.626130
0.545406 -1.965305 0.626130
0.545406 -1.965305 0.626130
0.545406 -1.965305 0.626130
0.545406 -1.965305 0.626130
0.545406 -1.965305 0.626130
0.545406 -1.965305 0.626130
0.545406 -1.965305 0.626130
0.545406 -1.965305 0.626130
0.545406 -1.965305 0.626130
0.545406 -1.965305 0.626130
0.545406 -1.965305 0.626130
0.545406 -1.965305 0.626130
0.545406 -1.965305 0.626130
0.545406 -1.965305 0.626130
0.545406 -1.965305 0.626130
0.545406 -1.965305 0.626130
0.545406 -1.965305 0.626130
0.545406 -1.965305 0.626130
0.545406 -1.965305 0.626130
0.545406 -1.965305 0.626130
0.545406 -1.965305 0.626130
0.545406 -1.965305 0.626130
0.545406 -1.965305 0.626130
0.545406 -1.965305 0.626130
0.545406 -1.965305 0.626130
0.545406 -1.965305 0.626130
0.545406 -1.965305 0.626130
0.545406 -1.965305 0.626130
0.545406 -1.965305 0.626130
0.545406 -1.965305 0.626130
0.545406 -1.965305 0.626130
0.545406 -1.965305 0.626130
0.545406 -1.965305 0.626130
0.545406 -1.965305 0.626130
0.545406 -1.965305 0.626130
0.545406 -1.965305 0.626130
0.545406 -1.965305 0.626130
0.545406 -1.965305 0.626130
0.545406 -1.965305 0.626130
0.545406 -1.965305 0.626130
0.545406 -1.965305 0.626130
0.545406 -1.965305 0.626130
0.545406 -1.965305 0.626130
0.545406 -1.965305 0.626130
0.545406 -1.965305 0.626130
0.545406 -1.965305 0.626130
0.545406 -1.965305 0.626130
0.545406 -1.965305 0.626130
0.545406 -1.965305 0.626130
0.545406 -1.965305 0.626130
0.545406 -1.965305 0.626130
0.545406 -1.965305 0.626130
0.545406 -1.965305 0.626130
0.545406 -1.965305 0.626130
0.545406 -1.965305 0.626130
0.548874 -1.965305 0.626130
0.556170 -1.965305 0.626130
0.566170 -1.965305 0.626130
0.566170 -1.965305 0.626130
0.566170 -1.965305 0.626130
0.566170 -1.965305 0.626130
0.576170 -1.965305 0.626130
0.576170 -1.965305 0.626130
0.576170 -1.965305 0.626130
0.576170 -1.965305 0.626130
0.586170 -1.965305 0.626130
0.586170 -1.965305 0.626130
0.586170 -1.965305 0.626130
0.586170 -1.965305 0.626130
0.594465 -1.965305 0.626130
0.594465 -1.965305 0.626130
0.594465 -1.965305 0.626130
0.594465 -1.965305 0.626130
0.599181 -1.965305 0.626130
0.599181 -1.965305 0.626130
0.599181 -1.965305 0.626130
0.599181 -1.965305 0.626130
0.599181 -1.965305 0.626130
0.599181 -1.965305 0.626130
0.599181 -1.956761 0.626130
0.599181 -1.946761 0.626130
0.599181 -1.946761 0.626130
0.599181 -1.946761 0.626130
0.599181 -1.946039 0.626130
0.599181 -1.936039 0.626130
0.599181 -1.936039 0.626130
0.599181 -1.936039 0.626130
0.599181 -1.936039 0.626130
0.599181 -1.936039 0.626130
0.599181 -1.936039 0.626130
0.599181 -1.926039 0.626130
0.598959 -1.919075 0.626130
0.598959 -1.919075 0.626130
0.598959 -1.919075 0.626130
0.598959 -1.909075 0.626130
0.598959 -1.901530 0.626130
0.598959 -1.901530 0.626130
0.598959 -1.893734 0.626130
0.598959 -1.885440 0.626130
0.598959 -1.885440 0.626130
0.598959 -1.876646 0.626130
0.598959 -1.876646 0.626130
0.598959 -1.876646 0.626130
0.598959 -1.876646 0.626130
0.598959 -1.867353 0.626130
0.598959 -1.867353 0.626130
0.598959 -1.867353 0.626130
0.598320 -1.860640 0.626130
0.598320 -1.860640 0.626130
0.598320 -1.860416 0.626130
0.598320 -1.850416 0.626130
0.598320 -1.850416 0.626130
0.598320 -1.850416 0.626130
0.598320 -1.850416 0.626130
0.598320 -1.840416 0.626130
0.598320 -1.840416 0.626130
0.598320 -1.840416 0.626130
0.598320 -1.840416 0.626130
0.598320 -1.830416 0.626130
0.598320 -1.822122 0.626130
0.598320 -1.822122 0.626130
0.598320 -1.822122 0.626130
0.598320 -1.822122 0.626130
0.598320 -1.822122 0.626130
0.598320 -1.822122 0.626130
0.598320 -1.822122 0.626130
0.598320 -1.822122 0.626130
0.608320 -1.819652 0.626130
0.608320 -1.819652 0.626130
0.608320 -1.819652 0.626130
0.608320 -1.819652 0.626130
0.608320 -1.819652 0.626130
0.616448 -1.817183 0.626130
0.616448 -1.817183 0.626130
0.616448 -1.817183 0.626130
0.616448 -1.817183 0.626130
0.616448 -1.817183 0.626130
0.616448 -1.816627 0.626130
0.618502 -1.806627 0.626130
0.618502 -1.804157 0.626130
0.618502 -1.804157 0.626130
0.620306 -1.794157 0.626130
0.620306 -1.790855 0.626130
0.620306 -1.790049 0.626130
0.621444 -1.780049 0.626130
0.621444 -1.779993 0.626130
0.622333 -1.769993 0.626130
0.622333 -1.769270 0.626130
0.622333 -1.763722 0.626130
0.623055 -1.753722 0.626130
0.623055 -1.753000 0.626130
0.623055 -1.750031 0.626130
0.624693 -1.740031 0.626130
0.624693 -1.739308 0.626130
0.624833 -1.733344 0.626130
0.624833 -1.733344 0.626130
0.624833 -1.733344 0.626130
0.624833 -1.733344 0.626130
0.624833 -1.733344 0.626130
0.624833 -1.733344 0.626130
0.624833 -1.733344 0.626130
0.624833 -1.733344 0.626130
0.624833 -1.733344 0.626130
0.624833 -1.733344 0.626130
0.624833 -1.733344 0.626130
0.625139 -1.733344 0.626130
0.628857 -1.733344 0.626130
0.628857 -1.733344 0.626130
0.628857 -1.733344 0.626130
0.628857 -1.733344 0.626130
0.628857 -1.733344 0.626130
0.628857 -1.733344 0.626130
0.628857 -1.733344 0.626130
0.628857 -1.733344 0.626130
0.622394 -1.733344 0.626130
0.612603 -1.733344 0.626130
0.612603 -1.733344 0.626130
0.612603 -1.733344 0.626130
0.612603 -1.733344 0.626130
0.612603 -1.733344 0.626130
0.612603 -1.733344 0.626130
0.614823 -1.723344 0.626130
0.615712 -1.715549 0.626130
0.615712 -1.715549 0.626130
0.615712 -1.715549 0.626130
0.618597 -1.706505 0.626130
0.621816 -1.697212 0.626130
0.621816 -1.697212 0.626130
0.621816 -1.697212 0.626130
0.621816 -1.697212 0.626130
0.621816 -1.697212 0.626130
0.621816 -1.697212 0.626130
0.626283 -1.697212 0.626130
0.636283 -1.693910 0.626130
0.636283 -1.693910 0.626130
0.636283 -1.694216 0.626130
0.636283 -1.694216 0.626130
0.636283 -1.694216 0.626130
0.636283 -1.694216 0.626130
0.638336 -1.694216 0.626130
0.638336 -1.694216 0.626130
0.636533 -1.694216 0.626130
0.626533 -1.694216 0.626130
0.626533 -1.694216 0.626130
0.626533 -1.694216 0.626130
0.626533 -1.694216 0.626130
0.626533 -1.694216 0.626130
0.626533 -1.694216 0.626130
0.626533 -1.694216 0.626130
0.621152 -1.694216 0.626130
0.611152 -1.694438 0.626130
0.601527 -1.694438 0.626130
0.601527 -1.694438 0.626130
0.601527 -1.694438 0.626130
0.601527 -1.694438 0.626130
0.601527 -1.694438 0.626130
0.601527 -1.684480 0.626130
0.601527 -1.684480 0.626130
0.601527 -1.684480 0.626130
0.601527 -1.684257 0.626130
0.603081 -1.674257 0.626130
0.603081 -1.674257 0.626130
0.603081 -1.673950 0.626130
0.604219 -1.663950 0.626130
0.604219 -1.663950 0.626130
0.604219 -1.663950 0.626130
0.604219 -1.663950 0.626130
0.604219 -1.663950 0.626130
0.613096 -1.661980 0.626130
0.613096 -1.661980 0.626130
0.613096 -1.661980 0.626130
0.613096 -1.661980 0.626130
0.613096 -1.661980 0.626130
0.613096 -1.661980 0.626130
0.613096 -1.661980 0.626130
0.609545 -1.661980 0.626130
0.599545 -1.661980 0.626130
0.599545 -1.661980 0.626130
0.592000 -1.661980 0.626130
0.592000 -1.661980 0.626130
0.592000 -1.661980 0.626130
0.583706 -1.661980 0.626130
0.583706 -1.661980 0.626130
0.583706 -1.661980 0.626130
0.583706 -1.661980 0.626130
0.583068 -1.651980 0.626130
0.582346 -1.645516 0.626130
0.582346 -1.645516 0.626130
0.582346 -1.642714 0.626130
0.582346 -1.632714 0.626130
0.582346 -1.632714 0.626130
0.582346 -1.628746 0.626130
0.584566 -1.618746 0.626130
0.584566 -1.618746 0.626130
0.584566 -1.618746 0.626130
0.585455 -1.608746 0.626130
0.585455 -1.608746 0.626130
0.585455 -1.608746 0.626130
0.585455 -1.608746 0.626130
0.585455 -1.608746 0.626130
0.585455 -1.608746 0.626130
0.585455 -1.608746 0.626130
0.585455 -1.608746 0.626130
0.585455 -1.608746 0.626130
0.585455 -1.608746 0.626130
0.585455 -1.608746 0.626130
0.585455 -1.608746 0.626130
0.585455 -1.608746 0.626130
0.585455 -1.608746 0.626130
0.585455 -1.608746 0.626130
0.585455 -1.608746 0.626130
0.585455 -1.608746 0.626130
0.585455 -1.608746 0.626130
0.585455 -1.608746 0.626130
0.585455 -1.608746 0.626130
0.585455 -1.608746 0.626130
0.585455 -1.608746 0.626130
0.585455 -1.608746 0.626130
0.585455 -1.608746 0.626130
0.585455 -1.608746 0.626130
0.585455 -1.608746 0.626130
0.585455 -1.608746 0.626130
0.585455 -1.608746 0.626130
0.585455 -1.608746 0.626130
0.585455 -1.608746 0.626130
0.585455 -1.608746 0.626130
0.585455 -1.608746 0.626130
0.585455 -1.608746 0.626130
0.585455 -1.608746 0.626130
0.585455 -1.608746 0.626130
0.585455 -1.608746 0.626130
0.585455 -1.608746 0.626130
0.585455 -1.608746 0.626130
0.585455 -1.608746 0.626130
