0.316040 -1.645600 0.626130
0.316040 -1.645600 0.626130
0.316040 -1.645600 0.626130
0.316040 -1.645600 0.626710
0.316040 -1.645600 0.629445
0.316040 -1.645600 0.633341
0.316040 -1.645600 0.638341
0.316040 -1.645600 0.644776
0.316040 -1.645600 0.653077
0.316040 -1.645600 0.663077
0.316040 -1.645600 0.663077
0.316040 -1.645600 0.663077
0.316040 -1.645600 0.665813
0.316040 -1.645600 0.675274
0.316040 -1.645600 0.675274
0.316040 -1.645600 0.679335
0.316040 -1.645600 0.688796
0.316040 -1.645600 0.688796
0.316040 -1.645600 0.688796
0.316040 -1.645600 0.688796
0.316040 -1.645600 0.688796
0.317012 -1.645600 0.688796
0.318150 -1.645600 0.688796
0.318150 -1.645600 0.688796
0.319788 -1.645600 0.688796
0.323672 -1.645600 0.688796
0.329221 -1.645600 0.688796
0.335019 -1.645600 0.688796
0.341067 -1.645600 0.688796
0.341067 -1.645600 0.688796
0.341067 -1.645600 0.688796
0.347447 -1.645600 0.688796
0.355326 -1.645600 0.688796
0.363787 -1.645600 0.688796
0.373329 -1.645600 0.688796
0.383329 -1.644794 0.688796
0.392206 -1.643822 0.688796
0.402206 -1.642850 0.688796
0.410667 -1.641878 0.688796
0.420667 -1.640906 0.688796
0.420667 -1.640906 0.688796
0.426299 -1.640434 0.688796
0.431847 -1.640127 0.688796
0.441556 -1.640127 0.688796
0.441556 -1.640127 0.688796
0.451556 -1.642596 0.688796
0.460932 -1.649642 0.688796
0.470308 -1.656688 0.688796
0.479601 -1.663983 0.688796
0.486481 -1.672943 0.688796
0.494776 -1.679822 0.688796
0.502904 -1.687950 0.688796
0.510533 -1.695744 0.688796
0.518245 -1.703872 0.688796
0.527621 -1.710252 0.688796
0.535666 -1.718629 0.688796
0.545375 -1.724343 0.688796
0.554252 -1.729142 0.688796
0.561881 -1.736770 0.688796
0.567512 -1.740737 0.688796
0.567512 -1.740737 0.688796
0.567512 -1.740737 0.688796
0.567512 -1.740737 0.688796
0.567512 -1.740737 0.688796
0.567512 -1.740737 0.688796
0.567512 -1.740737 0.688796
0.567512 -1.740737 0.688796
0.569067 -1.744122 0.688796
0.572951 -1.748255 0.688796
0.573923 -1.748255 0.688796
0.573980 -1.748255 0.688796
0.577698 -1.749809 0.688796
0.582248 -1.752278 0.688796
0.589045 -1.754747 0.688796
0.589045 -1.754747 0.688796
0.590017 -1.754747 0.688796
0.598727 -1.757465 0.688796
0.598727 -1.757465 0.688796
0.599866 -1.757465 0.688796
0.599866 -1.757465 0.688796
0.599866 -1.757465 0.688796
0.601420 -1.757465 0.688796
0.601420 -1.757465 0.688796
0.601420 -1.757465 0.688796
0.601420 -1.757465 0.688796
0.604888 -1.757465 0.688796
0.608107 -1.757465 0.688796
0.608107 -1.757465 0.688796
0.608107 -1.757465 0.688796
0.609662 -1.757688 0.688796
0.610634 -1.757910 0.688796
0.610773 -1.760629 0.688796
0.610773 -1.760629 0.688796
0.610773 -1.760629 0.688796
0.606973 -1.760629 0.688796
0.606973 -1.760629 0.688796
0.606973 -1.760629 0.688796
0.606973 -1.760629 0.688796
0.606973 -1.760629 0.688796
0.606973 -1.760629 0.688796
0.606584 -1.760629 0.688796
0.606584 -1.760629 0.688796
0.606584 -1.760629 0.688796
0.606584 -1.760629 0.688796
0.606584 -1.760629 0.688796
0.606584 -1.760629 0.688796
0.606584 -1.760629 0.688796
0.606584 -1.760629 0.688796
0.606584 -1.760629 0.688796
0.606584 -1.760629 0.688796
0.606584 -1.760629 0.688796
0.606584 -1.760629 0.688796
0.606584 -1.760629 0.688796
0.606584 -1.760629 0.688796
0.606584 -1.760629 0.688796
0.606584 -1.760629 0.688796
0.606584 -1.760629 0.688796
0.606584 -1.760629 0.688796
0.606584 -1.760629 0.688796
0.606584 -1.760629 0.688796
0.606584 -1.770337 0.688796
0.606584 -1.770337 0.688796
0.606584 -1.770337 0.688796
0.606584 -1.770337 0.688796
0.606584 -1.770337 0.688796
0.606584 -1.770337 0.688796
0.606584 -1.770337 0.688796
0.606584 -1.770337 0.688796
0.606584 -1.770337 0.688796
0.606584 -1.770337 0.688796
0.606584 -1.770337 0.688796
0.606584 -1.770337 0.688796
0.606584 -1.770337 0.688796
0.606584 -1.770337 0.688796
0.606584 -1.770337 0.688796
0.606584 -1.770337 0.688796
0.606584 -1.770337 0.688796
0.606584 -1.770337 0.688796
0.606584 -1.770337 0.688796
0.606584 -1.770337 0.688796
0.606584 -1.770337 0.688796
0.606584 -1.770337 0.688796
0.606584 -1.770337 0.683396
0.606584 -1.770337 0.677831
0.606584 -1.770337 0.677831
0.606584 -1.770337 0.677126
0.606584 -1.770337 0.667375
0.606584 -1.770337 0.667375
0.606584 -1.770337 0.667375
0.606584 -1.770337 0.663024
0.606584 -1.770337 0.653024
0.606584 -1.770337 0.653024
0.606584 -1.770337 0.646754
0.606584 -1.770337 0.646754
0.606584 -1.770337 0.646754
0.606584 -1.770337 0.646754
0.606584 -1.770337 0.646754
0.606584 -1.770337 0.637997
0.606584 -1.770337 0.633811
0.606584 -1.770337 0.633811
0.606584 -1.770337 0.633811
0.606584 -1.770337 0.623811
0.606584 -1.770337 0.616505
0.606584 -1.770337 0.616505
0.606584 -1.770337 0.613024
0.606584 -1.770337 0.603024
0.606584 -1.770337 0.603024
0.606584 -1.770337 0.603024
0.606584 -1.770337 0.603024
0.606584 -1.770337 0.603024
0.606584 -1.770337 0.603024
0.606584 -1.770337 0.603024
0.606584 -1.770337 0.603024
0.606584 -1.770337 0.603024
0.606584 -1.770337 0.603024
0.606584 -1.770337 0.603024
0.606584 -1.770337 0.603024
0.606584 -1.770337 0.603024
0.606584 -1.770337 0.603024
0.606584 -1.770337 0.603024
0.606584 -1.770337 0.603024
0.606584 -1.770337 0.603024
0.606584 -1.770337 0.603024
0.606584 -1.770337 0.603024
0.606584 -1.770337 0.603024
0.606584 -1.770337 0.603024
0.606584 -1.770337 0.603024
0.606584 -1.766786 0.603024
0.606584 -1.756786 0.603024
0.606584 -1.756786 0.603024
0.606584 -1.756786 0.603024
0.606584 -1.756786 0.603024
0.606584 -1.756786 0.603024
0.606584 -1.756786 0.603024
0.606584 -1.756786 0.603024
0.606584 -1.756786 0.603024
0.606584 -1.756786 0.603024
0.606584 -1.756786 0.603024
0.606584 -1.756786 0.603024
0.606584 -1.756786 0.603024
0.606584 -1.756786 0.603024
0.606584 -1.756786 0.603024
0.606584 -1.756786 0.603024
0.606584 -1.756786 0.603024
0.606584 -1.756786 0.603024
0.606584 -1.756786 0.603024
0.606584 -1.756786 0.603024
0.606584 -1.756786 0.603024
0.606584 -1.756786 0.603024
0.606584 -1.756786 0.603024
0.606584 -1.756786 0.603024
0.606584 -1.756786 0.603024
0.606584 -1.756786 0.603024
0.606584 -1.756786 0.603024
0.606584 -1.756786 0.603024
0.606584 -1.756786 0.603024
0.606584 -1.756786 0.603024
0.606584 -1.756786 0.603024
0.606584 -1.761751 0.603024
0.606584 -1.770960 0.603024
0.606584 -1.770960 0.603024
0.606584 -1.770960 0.603024
0.606584 -1.770960 0.603024
0.606890 -1.778589 0.603024
0.606890 -1.778589 0.603024
0.606890 -1.778589 0.603024
0.606890 -1.778589 0.603024
0.606890 -1.778589 0.603024
0.606890 -1.778589 0.603024
0.606890 -1.781474 0.603024
0.606890 -1.781474 0.603024
0.606890 -1.781474 0.603024
0.606890 -1.781474 0.603024
0.606890 -1.781474 0.603024
0.606890 -1.781474 0.603024
0.606890 -1.781474 0.603024
0.606890 -1.781474 0.603024
0.606890 -1.781474 0.603024
0.606890 -1.781474 0.603024
0.606890 -1.781474 0.603024
0.606890 -1.781474 0.603024
0.606890 -1.781474 0.603024
0.606890 -1.781474 0.603024
0.606890 -1.781474 0.603024
0.606890 -1.781474 0.603024
0.606890 -1.781474 0.603024
0.606890 -1.781474 0.603024
0.606890 -1.781474 0.603024
0.606890 -1.781474 0.603024
0.606890 -1.781474 0.603024
0.606890 -1.781474 0.603024
0.606890 -1.781474 0.603024
0.606890 -1.781474 0.603024
0.606890 -1.781474 0.603024
0.606890 -1.781474 0.603024
0.606890 -1.781474 0.603024
0.606890 -1.781474 0.603024
0.606890 -1.781474 0.603024
0.606890 -1.781474 0.603024
0.606890 -1.781474 0.603024
0.606890 -1.781474 0.603024
0.606890 -1.781474 0.603024
0.606890 -1.781474 0.603024
0.606890 -1.781474 0.603024
0.606890 -1.781474 0.603024
0.606890 -1.781474 0.603024
0.606890 -1.781474 0.603024
0.606890 -1.781474 0.603024
0.606890 -1.781474 0.603024
0.606890 -1.781474 0.603024
0.606890 -1.781474 0.603024
0.606890 -1.781474 0.603024
0.606890 -1.781474 0.603024
0.606890 -1.781474 0.603024
0.606890 -1.781474 0.603024
0.606890 -1.781474 0.603024
0.606890 -1.781474 0.603024
0.606890 -1.781474 0.603024
0.606890 -1.781474 0.603024
0.606890 -1.781474 0.603024
0.606890 -1.781474 0.603024
0.606890 -1.781474 0.603024
0.606890 -1.781474 0.603024
0.606890 -1.781474 0.603024
0.606890 -1.781474 0.603024
0.606890 -1.781474 0.603024
0.606890 -1.781474 0.603024
0.606890 -1.781474 0.603024
0.606890 -1.781474 0.603024
0.606890 -1.781474 0.603024
0.606890 -1.781474 0.603024
0.606890 -1.781474 0.603024
0.606890 -1.781474 0.603024
0.606890 -1.781474 0.603024
0.606890 -1.781474 0.603024
0.606890 -1.781474 0.603024
0.606890 -1.781474 0.603024
0.606890 -1.781474 0.603024
0.606890 -1.781474 0.603024
0.606890 -1.781474 0.603024
0.606890 -1.781167 0.603024
0.606890 -1.780195 0.603024
0.606890 -1.778641 0.603024
0.606890 -1.776837 0.603024
0.606890 -1.776837 0.603024
0.606890 -1.775865 0.603024
0.606890 -1.775865 0.603024
0.606890 -1.775865 0.603024
0.606890 -1.775865 0.603024
0.606890 -1.775865 0.603024
0.606890 -1.775865 0.603024
0.606890 -1.775865 0.603024
0.606890 -1.775865 0.603024
0.606890 -1.775865 0.603024
0.606890 -1.775865 0.603024
0.606890 -1.775865 0.603024
0.606890 -1.775865 0.603024
0.606890 -1.775865 0.603024
0.606890 -1.775865 0.603024
0.606890 -1.775865 0.603024
0.606890 -1.775865 0.603024
0.606890 -1.775865 0.603024
0.606890 -1.775865 0.603024
0.606890 -1.775865 0.603024
0.606890 -1.775865 0.603024
0.606890 -1.775865 0.603024
0.606890 -1.775865 0.603024
0.606890 -1.775865 0.603024
0.606890 -1.775865 0.603024
0.606890 -1.775865 0.603024
0.606890 -1.775865 0.603024
0.606890 -1.775865 0.603024
0.606890 -1.775865 0.603024
0.606890 -1.775865 0.603024
0.606890 -1.775865 0.603024
0.606890 -1.775865 0.603024
0.606890 -1.775865 0.603024
0.606890 -1.775865 0.603024
