0.316040 -1.645600 0.626130
0.316040 -1.645600 0.626130
0.316040 -1.645600 0.626130
0.316040 -1.645600 0.626130
0.316040 -1.645600 0.626130
0.316040 -1.645600 0.626130
0.316040 -1.645600 0.626130
0.316040 -1.645600 0.626130
0.316040 -1.645600 0.626130
0.316040 -1.645600 0.626130
0.316040 -1.645600 0.626130
0.316040 -1.645600 0.626130
0.316040 -1.645600 0.626130
0.316040 -1.645600 0.626130
0.316040 -1.645600 0.626130
0.316040 -1.645600 0.626130
0.316040 -1.645600 0.626130
0.316040 -1.645600 0.626130
0.316040 -1.645600 0.626130
0.316040 -1.645600 0.626130
0.316040 -1.645600 0.626130
0.316040 -1.645600 0.626130
0.316040 -1.645600 0.626130
0.316040 -1.645600 0.626130
0.316040 -1.645600 0.626130
0.316040 -1.645600 0.626130
0.322254 -1.642381 0.626130
0.331797 -1.635918 0.626130
0.331797 -1.635918 0.626130
0.331797 -1.635918 0.626130
0.331797 -1.635918 0.626130
0.331797 -1.635918 0.626130
0.331797 -1.635918 0.626130
0.331797 -1.635918 0.626130
0.331797 -1.635918 0.626130
0.331797 -1.635918 0.626130
0.331797 -1.635918 0.626130
0.331797 -1.635918 0.626130
0.331797 -1.635918 0.626130
0.331797 -1.635918 0.626130
0.331797 -1.635918 0.626130
0.331797 -1.635918 0.626130
0.331797 -1.635918 0.626130
0.331797 -1.635918 0.626130
0.331797 -1.635918 0.626130
0.331797 -1.635918 0.626130
0.331797 -1.635918 0.626130
0.331797 -1.635918 0.626130
0.331797 -1.635918 0.626130
0.331797 -1.635918 0.626130
0.331797 -1.635918 0.626130
0.331797 -1.635918 0.626130
0.331797 -1.635918 0.626130
0.331797 -1.635918 0.626130
0.331797 -1.635918 0.626130
0.331797 -1.635918 0.626130
0.331797 -1.635918 0.626130
0.331797 -1.635918 0.626130
0.331797 -1.635918 0.626130
0.331797 -1.635918 0.626130
0.331797 -1.635918 0.626130
0.331797 -1.635918 0.626130
0.331797 -1.635918 0.626130
0.331797 -1.635918 0.626130
0.331797 -1.635918 0.626130
0.331797 -1.635918 0.626130
0.331797 -1.635918 0.626130
0.331797 -1.635918 0.626130
0.331797 -1.635918 0.626130
0.331797 -1.635918 0.626130
0.331797 -1.635918 0.626130
0.331797 -1.635918 0.626130
0.331797 -1.635918 0.626130
0.331797 -1.635918 0.626130
0.331797 -1.635918 0.626130
0.331797 -1.635918 0.626130
0.331797 -1.635918 0.626130
0.331797 -1.635918 0.626130
0.331797 -1.635918 0.626130
0.331797 -1.635918 0.626130
0.331797 -1.635918 0.626130
0.331797 -1.635918 0.626130
0.331797 -1.635918 0.626130
0.331797 -1.635918 0.626130
0.331797 -1.635918 0.626130
0.331797 -1.635918 0.626130
0.331797 -1.635918 0.626130
0.331797 -1.635918 0.626130
0.331797 -1.635918 0.626130
0.331797 -1.635918 0.626130
0.331797 -1.635918 0.626130
0.331797 -1.635918 0.626130
0.331797 -1.635918 0.626130
0.331797 -1.635918 0.626130
0.331797 -1.635918 0.626130
0.331797 -1.635918 0.626130
0.331797 -1.635918 0.626130
0.331797 -1.635918 0.626130
0.331797 -1.635918 0.626130
0.331797 -1.635918 0.626130
0.331797 -1.635918 0.626130
0.331797 -1.635918 0.626130
0.331797 -1.635918 0.626130
0.331797 -1.635918 0.626130
0.331797 -1.635918 0.626130
0.331797 -1.635918 0.626130
0.331797 -1.635918 0.626130
0.331797 -1.635918 0.626130
0.331797 -1.635918 0.626130
0.331797 -1.635918 0.626130
0.331797 -1.635918 0.634058
0.331797 -1.635918 0.644058
0.331797 -1.635918 0.644058
0.331797 -1.635918 0.644058
0.331797 -1.635918 0.644058
0.331797 -1.635918 0.644058
0.331797 -1.635918 0.644058
0.331797 -1.635918 0.644058
0.331797 -1.635918 0.644058
0.331797 -1.635918 0.644058
0.324668 -1.635918 0.644058
0.324668 -1.635918 0.644058
0.314668 -1.636140 0.644058
0.314668 -1.636140 0.644058
0.314668 -1.636140 0.644058
0.318302 -1.636140 0.644058
0.328302 -1.634669 0.644058
0.328302 -1.634669 0.644058
0.328302 -1.634669 0.644058
0.328359 -1.634669 0.644058
0.328359 -1.634669 0.644058
0.338359 -1.632449 0.644058
0.338359 -1.632449 0.644058
0.348359 -1.629896 0.644058
0.356820 -1.629340 0.644058
0.356820 -1.629340 0.644058
0.366820 -1.627286 0.644058
0.376529 -1.627286 0.644058
0.376529 -1.627286 0.644058
0.386529 -1.626564 0.644058
0.396529 -1.626564 0.644058
0.396529 -1.626564 0.644058
0.406529 -1.626341 0.644058
0.407667 -1.626341 0.644058
0.407667 -1.626341 0.644058
0.417667 -1.625119 0.644058
0.422800 -1.625119 0.644058
0.422800 -1.625119 0.644058
0.432800 -1.624064 0.644058
0.442800 -1.622593 0.644058
0.442800 -1.622593 0.644058
0.440081 -1.622593 0.644058
0.445463 -1.622593 0.644058
0.445463 -1.622593 0.644058
0.445463 -1.622593 0.644058
0.443078 -1.622593 0.644058
0.453078 -1.621288 0.644058
0.453078 -1.621288 0.644058
0.452189 -1.621288 0.644058
0.462189 -1.620982 0.644058
0.462189 -1.620982 0.644058
0.468570 -1.619927 0.644058
0.478570 -1.618871 0.644058
0.488570 -1.616818 0.644058
0.488570 -1.616818 0.644058
0.488570 -1.616818 0.644058
0.488570 -1.616818 0.644058
0.494618 -1.616818 0.644058
0.504618 -1.614514 0.644058
0.513911 -1.612461 0.644058
0.523911 -1.608410 0.644058
0.532871 -1.608410 0.644058
0.542829 -1.607355 0.644058
0.549043 -1.606882 0.644058
0.549043 -1.606882 0.644058
0.549043 -1.606882 0.644058
0.552262 -1.606326 0.644058
0.561971 -1.604356 0.644058
0.568851 -1.601553 0.644058
0.568851 -1.601553 0.644058
0.568851 -1.601553 0.644058
0.568851 -1.601553 0.644058
0.568851 -1.601553 0.644058
0.568851 -1.601553 0.644058
0.568851 -1.601553 0.644058
0.568851 -1.601553 0.644058
0.568851 -1.601553 0.644058
0.568851 -1.601553 0.644058
0.568851 -1.601553 0.644058
0.568851 -1.601553 0.644058
0.568851 -1.601553 0.644058
0.568851 -1.601553 0.644058
0.568851 -1.601553 0.644058
0.568851 -1.601553 0.644058
0.568851 -1.601553 0.644058
0.568851 -1.601553 0.644058
0.568851 -1.601553 0.644058
0.568851 -1.601553 0.644058
0.568851 -1.601553 0.644058
0.568851 -1.601553 0.644058
0.568851 -1.601553 0.644058
0.568851 -1.601553 0.644058
0.568851 -1.601553 0.644058
0.568851 -1.601553 0.644058
0.568851 -1.601553 0.644058
0.568851 -1.601553 0.644058
0.568851 -1.601553 0.644058
0.568851 -1.601553 0.644058
0.568851 -1.601553 0.644058
0.568851 -1.601553 0.644058
0.568851 -1.601553 0.644058
0.568851 -1.601553 0.644058
0.568851 -1.601553 0.644058
0.568851 -1.601553 0.644058
0.568851 -1.601553 0.644058
0.568851 -1.601553 0.644058
0.568851 -1.601553 0.644058
0.568851 -1.601553 0.644058
0.568851 -1.601553 0.644058
0.568851 -1.601553 0.644058
0.568851 -1.601553 0.644058
0.568851 -1.601553 0.644058
0.577811 -1.601553 0.644058
0.577811 -1.601553 0.644058
0.577811 -1.601553 0.644058
0.577811 -1.601553 0.644058
0.587811 -1.600248 0.644058
0.597811 -1.598777 0.644058
0.597811 -1.598777 0.644058
0.607811 -1.597722 0.644058
0.607811 -1.597722 0.644058
0.607811 -1.597722 0.644058
0.607811 -1.597722 0.644058
0.607811 -1.597722 0.644058
0.607811 -1.597722 0.644058
0.607811 -1.597722 0.644058
0.607755 -1.605350 0.644058
0.606867 -1.615350 0.644058
0.606867 -1.615350 0.644058
0.606395 -1.625350 0.644058
0.606395 -1.623796 0.644058
0.606395 -1.623796 0.644058
0.606395 -1.633754 0.644058
0.606395 -1.634892 0.644058
0.606395 -1.644892 0.644058
0.606395 -1.645946 0.644058
0.606395 -1.655946 0.644058
0.606395 -1.655946 0.644058
0.606395 -1.665946 0.644058
0.605008 -1.672492 0.644058
0.603620 -1.680620 0.644058
0.603620 -1.680620 0.644058
0.604509 -1.680620 0.644058
0.614509 -1.679648 0.644058
0.614509 -1.679648 0.644058
0.614509 -1.679648 0.644058
0.614509 -1.679648 0.644058
0.612123 -1.679648 0.644058
0.612123 -1.679648 0.644058
0.612123 -1.679648 0.644058
0.612123 -1.679648 0.644058
0.612123 -1.679648 0.644058
0.612123 -1.679648 0.644058
0.612123 -1.679648 0.644058
0.612123 -1.679648 0.644058
0.612123 -1.679648 0.644058
0.612123 -1.679648 0.644058
0.612123 -1.679648 0.644058
0.612123 -1.679648 0.644058
0.612123 -1.679648 0.644058
0.612123 -1.679648 0.644058
0.612123 -1.679648 0.644058
0.612123 -1.679648 0.644058
0.612123 -1.679648 0.644058
0.612123 -1.679648 0.644058
0.612123 -1.679648 0.644058
0.612123 -1.679648 0.644058
0.612123 -1.679648 0.644058
0.612123 -1.679648 0.644058
0.612123 -1.679648 0.644058
0.612123 -1.679648 0.644058
0.612123 -1.679648 0.644058
0.612123 -1.679648 0.644058
0.612123 -1.679648 0.644058
0.612123 -1.679648 0.644058
0.612123 -1.679648 0.644058
0.612123 -1.679648 0.644058
0.608406 -1.679648 0.644058
0.601526 -1.679648 0.644058
0.591526 -1.679648 0.644058
0.591526 -1.679648 0.644058
0.591526 -1.679648 0.644058
0.591526 -1.679648 0.644058
0.591526 -1.679648 0.644058
0.601526 -1.675597 0.644058
0.601526 -1.675597 0.644058
0.601526 -1.675597 0.644058
0.601526 -1.675597 0.644058
0.601526 -1.675597 0.644058
0.601526 -1.675597 0.644058
0.601526 -1.675597 0.644058
0.601526 -1.681977 0.644058
0.601526 -1.691977 0.644058
0.601526 -1.698607 0.644058
0.601526 -1.698607 0.644058
0.601526 -1.708232 0.644058
0.601526 -1.708232 0.644058
0.601526 -1.708288 0.644058
0.601526 -1.718288 0.644058
0.601526 -1.728288 0.644058
0.601526 -1.738288 0.644058
0.601526 -1.748288 0.644058
0.601526 -1.752837 0.644058
0.601526 -1.762837 0.644058
0.601526 -1.762837 0.644058
0.601526 -1.763642 0.644058
0.601526 -1.771187 0.644058
0.601526 -1.771187 0.644058
0.601526 -1.781187 0.644058
0.601526 -1.785986 0.644058
0.601526 -1.785986 0.644058
0.601526 -1.785986 0.644058
0.601526 -1.785986 0.644058
0.601526 -1.785986 0.644058
0.601526 -1.785986 0.644058
0.601526 -1.790203 0.644058
0.602498 -1.800203 0.644058
0.602498 -1.800203 0.644058
0.602498 -1.800203 0.644058
0.602498 -1.800203 0.644058
0.602498 -1.800203 0.644058
0.602498 -1.800203 0.644058
0.602498 -1.800203 0.644058
0.602498 -1.800203 0.644058
0.602498 -1.800203 0.644058
0.602498 -1.800203 0.644058
0.602498 -1.800203 0.644058
0.602498 -1.800203 0.644058
0.602498 -1.800203 0.644058
0.602498 -1.800203 0.644058
0.602498 -1.800203 0.639058
0.602498 -1.800203 0.629307
0.602498 -1.800203 0.619307
0.602498 -1.800203 0.619307
0.602498 -1.800203 0.619307
0.602498 -1.800203 0.619307
0.602498 -1.800203 0.619307
0.602498 -1.800203 0.612415
0.602498 -1.800203 0.605523
0.602498 -1.800203 0.605523
0.602498 -1.800203 0.605523
0.602498 -1.800203 0.605523
0.602498 -1.800203 0.605523
0.602498 -1.800203 0.605523
0.602498 -1.800203 0.605523
0.602498 -1.800203 0.605523
0.602498 -1.800203 0.605523
0.602498 -1.800203 0.605523
0.602498 -1.800203 0.605523
0.602498 -1.800203 0.605523
0.602498 -1.800203 0.605523
0.602498 -1.800203 0.605523
0.602498 -1.800203 0.605523
0.602498 -1.800203 0.605523
0.602498 -1.800203 0.605523
0.602498 -1.800203 0.605523
0.602498 -1.800203 0.605523
0.602498 -1.800203 0.605523
0.602498 -1.800203 0.605523
0.602498 -1.800203 0.605523
0.602498 -1.800203 0.605523
0.602498 -1.800203 0.605523
0.602498 -1.800203 0.605523
0.602498 -1.800203 0.605523
0.602498 -1.800203 0.605523
0.602498 -1.800203 0.605523
0.602498 -1.800203 0.605523
0.602498 -1.800203 0.605523
0.602498 -1.800203 0.605523
0.602498 -1.800203 0.605523
0.602498 -1.800203 0.605523
0.602498 -1.800203 0.605523
0.602498 -1.800203 0.605523
0.602498 -1.800203 0.605523
0.602498 -1.800203 0.605523
0.602498 -1.800203 0.605523
0.602498 -1.800203 0.605523
0.602498 -1.800203 0.605523
0.599447 -1.796402 0.605523
0.592984 -1.788690 0.605523
0.586104 -1.781393 0.605523
0.586104 -1.781393 0.605523
0.586104 -1.781393 0.605523
0.586104 -1.781393 0.605523
0.586104 -1.781393 0.605523
0.586104 -1.781393 0.605523
0.581472 -1.778591 0.605523
0.572096 -1.773375 0.605523
0.562721 -1.768659 0.605523
0.562721 -1.768659 0.605523
0.562721 -1.768659 0.605523
0.562721 -1.768659 0.605523
0.562721 -1.768659 0.605523
0.562721 -1.768659 0.605523
0.564358 -1.768659 0.605523
0.574358 -1.767853 0.605523
0.583901 -1.765051 0.605523
0.583901 -1.765051 0.605523
0.583901 -1.765051 0.605523
0.583901 -1.765051 0.605523
0.583901 -1.765051 0.605523
0.583901 -1.765051 0.605523
0.583901 -1.765051 0.605523
0.583901 -1.765051 0.605523
0.583013 -1.764079 0.605523
0.575884 -1.757532 0.605523
0.575884 -1.757532 0.605523
0.575884 -1.757532 0.605523
0.575884 -1.757532 0.605523
0.575884 -1.757532 0.605523
0.575884 -1.757532 0.605523
0.575884 -1.757532 0.605523
0.581931 -1.756809 0.605523
0.591931 -1.753757 0.605523
0.591931 -1.753757 0.605523
0.591931 -1.753757 0.605523
0.591931 -1.753757 0.605523
0.591931 -1.753757 0.605523
0.591931 -1.753757 0.605523
0.591931 -1.753757 0.605523
0.591931 -1.753757 0.605523
0.591931 -1.753757 0.605523
0.591931 -1.753757 0.605523
0.591931 -1.753757 0.605523
0.591931 -1.753757 0.605523
0.591931 -1.753757 0.605523
0.591931 -1.753757 0.605523
0.591931 -1.753757 0.605523
0.591931 -1.753757 0.605523
0.591931 -1.753757 0.605523
0.591931 -1.753757 0.605523
0.591931 -1.753757 0.605523
0.591931 -1.753757 0.605523
0.591931 -1.753757 0.605523
0.591931 -1.753757 0.605523
0.591931 -1.753757 0.605523
0.591931 -1.753757 0.605523
0.591931 -1.753757 0.605523
0.591931 -1.753757 0.605523
0.591931 -1.753757 0.605523
0.591931 -1.753757 0.605523
0.591931 -1.753757 0.605523
0.591931 -1.753757 0.605523
0.591931 -1.753757 0.605523
0.591931 -1.753757 0.605523
0.591931 -1.753757 0.605523
0.591931 -1.753757 0.605523
0.591931 -1.753757 0.605523
0.591931 -1.753757 0.605523
0.591931 -1.753757 0.605523
0.591931 -1.753757 0.605523
0.591931 -1.753757 0.605523
0.591931 -1.753757 0.605523
0.591931 -1.753757 0.605523
0.591931 -1.753757 0.605523
0.591931 -1.753757 0.605523
0.591931 -1.753757 0.605523
0.591931 -1.753757 0.605523
0.591931 -1.753757 0.605523
0.591931 -1.753757 0.605523
0.591931 -1.753757 0.605523
0.591931 -1.753757 0.605523
0.591931 -1.753757 0.605523
0.591931 -1.753757 0.605523
0.591931 -1.753757 0.605523
0.591931 -1.753757 0.605523
0.591931 -1.753757 0.605523
0.591931 -1.753757 0.605523
0.591931 -1.753757 0.605523
0.591931 -1.753757 0.605523
0.591931 -1.753757 0.605523
0.591931 -1.753757 0.605523
0.591931 -1.753757 0.605523
0.591931 -1.753757 0.605523
0.591931 -1.753757 0.605523
0.591931 -1.753757 0.605523
0.591931 -1.753757 0.605523
0.591931 -1.753757 0.605523
0.591931 -1.753757 0.605523
0.591931 -1.753757 0.605523
0.591931 -1.753757 0.605523
0.591931 -1.753757 0.605523
0.591931 -1.753757 0.605523
0.591931 -1.753757 0.605523
0.591931 -1.753757 0.605523
0.591931 -1.753757 0.605523
0.591931 -1.753757 0.605523
0.591931 -1.753757 0.605523
0.591931 -1.753757 0.605523
0.592820 -1.753757 0.605523
0.596704 -1.752951 0.605523
0.602087 -1.750981 0.605523
0.602087 -1.750981 0.605523
0.602087 -1.750981 0.605523
0.602087 -1.750981 0.605523
0.602087 -1.750981 0.605523
0.602087 -1.750981 0.605523
0.603225 -1.750981 0.605523
0.612351 -1.747762 0.605523
0.612351 -1.747762 0.605523
0.612351 -1.747762 0.605523
0.612351 -1.747762 0.605523
0.612351 -1.747762 0.605523
0.614322 -1.747762 0.605523
0.624031 -1.743711 0.605523
0.624031 -1.743711 0.605523
0.624031 -1.743711 0.605523
0.624031 -1.743711 0.605523
0.624031 -1.743711 0.605523
0.624031 -1.743711 0.605523
0.624031 -1.743711 0.605523
0.624031 -1.743711 0.605523
0.624031 -1.741658 0.605523
0.624031 -1.737940 0.605523
0.623143 -1.732724 0.605523
0.620757 -1.726010 0.605523
0.618121 -1.717799 0.605523
0.615486 -1.707799 0.605523
0.612767 -1.697799 0.605523
0.612767 -1.697799 0.605523
0.609882 -1.687799 0.605523
0.606831 -1.678506 0.605523
0.606831 -1.678506 0.605523
0.606831 -1.678506 0.605523
0.606831 -1.678506 0.605523
0.606831 -1.678506 0.605523
0.606831 -1.678506 0.605523
0.606831 -1.678506 0.605523
0.606831 -1.678506 0.605523
0.606831 -1.678506 0.605523
0.606831 -1.678506 0.605523
0.606831 -1.678506 0.605523
0.598287 -1.679394 0.605523
0.598287 -1.679394 0.605523
0.598287 -1.679394 0.605523
0.598287 -1.679394 0.605523
0.598287 -1.679394 0.605523
0.598287 -1.679394 0.605523
0.598287 -1.679394 0.605523
0.598287 -1.679394 0.605523
0.598594 -1.679338 0.605523
0.603144 -1.675869 0.605523
0.606446 -1.673566 0.605523
0.606446 -1.673566 0.605523
0.610330 -1.671845 0.605523
0.619873 -1.666047 0.605523
0.619873 -1.666047 0.605523
0.619873 -1.666047 0.605523
0.619873 -1.666047 0.605523
0.619873 -1.666047 0.605523
0.619873 -1.666047 0.605523
0.619873 -1.666047 0.605523
0.619873 -1.666047 0.605523
0.619873 -1.666047 0.605523
0.619873 -1.666047 0.605523
0.619873 -1.666047 0.605523
0.619873 -1.665325 0.605523
0.619873 -1.662605 0.605523
0.619873 -1.658887 0.605523
0.620429 -1.655086 0.605523
0.622898 -1.649538 0.605523
0.627199 -1.641992 0.605523
0.633413 -1.633032 0.605523
0.633413 -1.633032 0.605523
0.633413 -1.633032 0.605523
0.639793 -1.624072 0.605523
0.639793 -1.624072 0.605523
0.639793 -1.624072 0.605523
0.639793 -1.624072 0.605523
0.647672 -1.616277 0.605523
0.648893 -1.614473 0.605523
0.648893 -1.614473 0.605523
0.658020 -1.607925 0.605523
0.659824 -1.606121 0.605523
0.668701 -1.599324 0.605523
0.672419 -1.597604 0.605523
0.672419 -1.597604 0.605523
0.674639 -1.596299 0.605523
0.680853 -1.591582 0.605523
0.682074 -1.590111 0.605523
0.682074 -1.590111 0.605523
0.682074 -1.590111 0.605523
0.682074 -1.590111 0.605523
0.682074 -1.590111 0.605523
0.682074 -1.590111 0.605523
0.682074 -1.590111 0.605523
0.682074 -1.590111 0.605523
0.682074 -1.590111 0.605523
0.682074 -1.590111 0.605523
0.682074 -1.590111 0.605523
0.682074 -1.590111 0.605523
0.682074 -1.590111 0.605523
0.682074 -1.590111 0.605523
0.682074 -1.590111 0.605523
0.682074 -1.590111 0.605523
0.682074 -1.590111 0.605523
0.682074 -1.590111 0.605523
0.682074 -1.590111 0.605523
0.682074 -1.590111 0.605523
0.682074 -1.590111 0.605523
0.682074 -1.590111 0.605523
0.682074 -1.590111 0.605523
0.682074 -1.590111 0.605523
0.682074 -1.590111 0.605523
0.682074 -1.590111 0.605523
0.682074 -1.590111 0.605523
0.682074 -1.590111 0.605523
0.682074 -1.590111 0.605523
0.682074 -1.590111 0.605523
0.682074 -1.590111 0.605523
0.682074 -1.590111 0.605523
0.682074 -1.590111 0.605523
0.682074 -1.590111 0.605523
0.682074 -1.590111 0.605523
0.682074 -1.590111 0.605523
0.682074 -1.590111 0.605523
0.682074 -1.590111 0.605523
0.682074 -1.590111 0.605523
0.682074 -1.590111 0.605523
0.682074 -1.590111 0.605523
0.682074 -1.590111 0.605523
0.682074 -1.590111 0.605523
0.682074 -1.590111 0.605523
0.682074 -1.590111 0.605523
0.682074 -1.591665 0.605523
0.682074 -1.598794 0.605523
0.681020 -1.608794 0.605523
0.680381 -1.618794 0.605523
0.680381 -1.623011 0.605523
0.680381 -1.625896 0.605523
0.680381 -1.625896 0.605523
0.680381 -1.625896 0.605523
0.680381 -1.625896 0.605523
0.680381 -1.625896 0.605523
0.680381 -1.625896 0.605523
0.680381 -1.625896 0.605523
0.680381 -1.625896 0.605523
0.680381 -1.625896 0.605523
0.680381 -1.625896 0.605523
0.680381 -1.625896 0.605523
0.680381 -1.624591 0.605523
0.677246 -1.616296 0.605523
0.677246 -1.616296 0.605523
0.677246 -1.616296 0.605523
0.677246 -1.616296 0.605523
0.677246 -1.616296 0.605523
0.677246 -1.616296 0.605523
0.677246 -1.610581 0.605523
0.677246 -1.610581 0.605523
0.677246 -1.610581 0.605523
0.677246 -1.610581 0.605523
0.677246 -1.610581 0.605523
0.677246 -1.610581 0.605523
0.682129 -1.608112 0.605523
0.682129 -1.608112 0.605523
0.682129 -1.608112 0.605523
0.682129 -1.608112 0.605523
0.682129 -1.608112 0.605523
0.682129 -1.608112 0.605523
0.681740 -1.608112 0.605523
0.681740 -1.608112 0.605523
0.681740 -1.608112 0.605523
0.679937 -1.608112 0.605523
0.669937 -1.608112 0.605523
0.669937 -1.608112 0.605523
0.669937 -1.608112 0.605523
0.669937 -1.608112 0.605523
0.669937 -1.608112 0.605523
0.659937 -1.608168 0.605523
0.659937 -1.608168 0.605523
0.659937 -1.608168 0.605523
0.651227 -1.608168 0.605523
0.651227 -1.608168 0.605523
0.651227 -1.608168 0.605523
0.651227 -1.608168 0.605523
0.641227 -1.608168 0.605523
0.641227 -1.608168 0.605523
0.637177 -1.608168 0.605523
0.629632 -1.608168 0.605523
0.629632 -1.608168 0.605523
0.619632 -1.608224 0.605523
0.619632 -1.608224 0.605523
0.609632 -1.608530 0.605523
0.609632 -1.608530 0.605523
0.609632 -1.608530 0.605523
0.599632 -1.608530 0.605523
0.599632 -1.608530 0.605523
0.594667 -1.608835 0.605523
0.594667 -1.608835 0.605523
0.594667 -1.608835 0.605523
0.594667 -1.608835 0.605523
0.594667 -1.608835 0.605523
0.594667 -1.608835 0.605523
0.594667 -1.608835 0.605523
0.594667 -1.608835 0.605523
0.594667 -1.608835 0.605523
0.594667 -1.608835 0.605523
0.594667 -1.608835 0.605523
0.594667 -1.608835 0.605523
0.594667 -1.608835 0.605523
0.594667 -1.608835 0.605523
0.594667 -1.608835 0.605523
0.594667 -1.608835 0.605523
0.594667 -1.606283 0.605523
0.594667 -1.606283 0.605523
0.594667 -1.606283 0.605523
0.594667 -1.606283 0.605523
0.594667 -1.606283 0.605523
0.594667 -1.606283 0.605523
0.594667 -1.606283 0.605523
0.594667 -1.606283 0.605523
0.594667 -1.606283 0.605523
0.594667 -1.606283 0.605523
0.594667 -1.606283 0.605523
0.594667 -1.606283 0.605523
0.594667 -1.606283 0.605523
0.594667 -1.606283 0.605523
0.594667 -1.606283 0.605523
0.594667 -1.606283 0.605523
0.594667 -1.606283 0.605523
0.594667 -1.606283 0.605523
0.594667 -1.606283 0.605523
0.594667 -1.606283 0.605523
0.594667 -1.606283 0.605523
0.594667 -1.606283 0.605523
0.594667 -1.606283 0.605523
0.594667 -1.606283 0.605523
0.594667 -1.606283 0.605523
0.594667 -1.606283 0.605523
0.594667 -1.606283 0.605523
0.594667 -1.606283 0.605523
0.594667 -1.606283 0.605523
0.594667 -1.606283 0.605523
0.594667 -1.606283 0.605523
0.594667 -1.606283 0.605523
0.594667 -1.606283 0.605523
0.594667 -1.606283 0.605523
0.594667 -1.606283 0.605523
0.594667 -1.606283 0.605523
0.594667 -1.606283 0.605523
0.594667 -1.606283 0.605523
0.594667 -1.606283 0.605523
0.594667 -1.606283 0.605523
0.594667 -1.606283 0.605523
0.594667 -1.606283 0.605523
0.594667 -1.606283 0.605523
0.594667 -1.606283 0.605523
0.594667 -1.606283 0.605523
0.594667 -1.606283 0.605523
0.594667 -1.606283 0.605523
0.594667 -1.606283 0.605523
0.594667 -1.606283 0.605523
0.594667 -1.606283 0.605523
0.594667 -1.606283 0.605523
0.594667 -1.606283 0.605523
0.594667 -1.606283 0.605523
0.594667 -1.606283 0.605523
0.594667 -1.606283 0.605523
0.594667 -1.606283 0.605523
0.594667 -1.606283 0.605523
0.594667 -1.606283 0.605523
0.594667 -1.606283 0.605523
0.594667 -1.606283 0.605523
0.594667 -1.606283 0.605523
0.594667 -1.606283 0.605523
0.594667 -1.606283 0.605523
0.594667 -1.606283 0.605523
0.594667 -1.606283 0.605523
0.594667 -1.606283 0.605523
0.594667 -1.606283 0.605523
0.594667 -1.606283 0.605523
0.594667 -1.606283 0.605523
0.594667 -1.606283 0.605523
0.594667 -1.606283 0.605523
0.594667 -1.606283 0.605523
0.594667 -1.606283 0.605523
0.594667 -1.606283 0.605523
0.594667 -1.606283 0.605523
0.594667 -1.606283 0.605523
0.594667 -1.606283 0.605523
0.594667 -1.606283 0.605523
0.594667 -1.606283 0.605523
0.594667 -1.606283 0.605523
0.594667 -1.606283 0.605523
0.594667 -1.606283 0.605523
0.594667 -1.606283 0.605523
0.594667 -1.606283 0.605523
0.594667 -1.606283 0.605523
0.594667 -1.606283 0.605523
0.594667 -1.606283 0.605523
0.594667 -1.606283 0.605523
0.594667 -1.606283 0.605523
0.594667 -1.606283 0.605523
0.594667 -1.606283 0.605523
0.594667 -1.606283 0.605523
0.594667 -1.606283 0.605523
0.594667 -1.606283 0.605523
0.594667 -1.606283 0.605523
0.594667 -1.606283 0.605523
0.594667 -1.606283 0.605523
