0.316040 -1.645600 0.626130
0.316040 -1.645600 0.626130
0.316040 -1.645600 0.626130
0.316040 -1.645600 0.626130
0.316040 -1.645600 0.626130
0.316040 -1.645600 0.626130
0.316040 -1.645600 0.626130
0.316040 -1.645600 0.626130
0.316040 -1.645600 0.626130
0.316040 -1.645600 0.626130
0.316040 -1.645600 0.626130
0.316040 -1.645600 0.626130
0.316040 -1.645600 0.626130
0.316040 -1.645600 0.626130
0.316040 -1.645600 0.626130
0.316040 -1.645600 0.626130
0.316040 -1.645600 0.626130
0.318926 -1.653228 0.626130
0.324474 -1.662937 0.626130
0.332602 -1.663575 0.626130
0.338400 -1.663102 0.626130
0.341869 -1.662546 0.626130
0.341869 -1.662546 0.626130
0.341869 -1.662546 0.626130
0.341869 -1.662546 0.633270
0.341869 -1.662546 0.641861
0.341869 -1.662546 0.651861
0.341869 -1.662546 0.651861
0.341869 -1.662546 0.651861
0.341869 -1.662546 0.651861
0.344255 -1.662546 0.661861
0.351135 -1.662546 0.671861
0.360927 -1.662546 0.681198
0.370927 -1.662546 0.688049
0.380927 -1.662546 0.694899
0.390927 -1.664100 0.699899
0.400927 -1.667068 0.700769
0.410927 -1.670037 0.700769
0.420927 -1.674836 0.700769
0.430927 -1.680550 0.700769
0.440636 -1.686930 0.700769
0.440636 -1.686930 0.700769
0.440636 -1.686930 0.700769
0.440636 -1.686930 0.700769
0.450636 -1.686930 0.700769
0.460636 -1.691396 0.700769
0.470636 -1.697110 0.700769
0.480636 -1.697110 0.700769
0.490636 -1.701659 0.700769
0.490636 -1.701659 0.700769
0.490636 -1.701659 0.700769
0.490636 -1.701659 0.700769
0.490636 -1.701659 0.700769
0.493689 -1.703546 0.700769
0.497989 -1.703546 0.700769
0.505202 -1.705765 0.700769
0.508837 -1.705765 0.700769
0.512971 -1.705765 0.700769
0.520600 -1.706404 0.700769
0.521738 -1.706404 0.700769
0.529783 -1.708623 0.700769
0.532419 -1.708623 0.700769
0.541962 -1.712923 0.700769
0.541962 -1.712923 0.700769
0.541962 -1.712923 0.700769
0.541962 -1.712923 0.700769
0.541962 -1.712923 0.700769
0.541962 -1.712923 0.700769
0.541962 -1.712923 0.700769
0.541962 -1.712923 0.700769
0.541962 -1.712923 0.700769
0.541962 -1.712923 0.700769
0.541962 -1.712923 0.700769
0.541962 -1.712923 0.700769
0.541962 -1.712923 0.700769
0.541962 -1.712923 0.700769
0.541962 -1.712923 0.700769
0.541962 -1.712923 0.700769
0.541962 -1.712923 0.700769
0.541962 -1.712923 0.700769
0.541962 -1.712923 0.700769
0.541962 -1.712923 0.700769
0.541962 -1.712923 0.700769
0.541962 -1.712923 0.700769
0.541962 -1.712923 0.700769
0.541962 -1.712923 0.700769
0.541962 -1.712923 0.700769
0.541962 -1.712923 0.700769
0.541962 -1.712923 0.700769
0.541962 -1.712923 0.700769
0.541962 -1.712923 0.700769
0.541962 -1.712923 0.700769
0.541962 -1.712923 0.700769
0.541962 -1.712923 0.700769
0.541962 -1.712923 0.700769
0.541962 -1.712923 0.700769
0.541962 -1.712923 0.700769
0.541962 -1.712923 0.700769
0.541962 -1.712923 0.700769
0.541962 -1.712923 0.700769
0.541962 -1.712923 0.700769
0.541962 -1.712923 0.700769
0.541962 -1.712923 0.700769
0.541962 -1.712923 0.700769
0.541962 -1.712923 0.700769
0.541962 -1.712923 0.700769
0.541962 -1.712923 0.700769
0.541962 -1.712923 0.700769
0.541962 -1.712923 0.700769
0.541962 -1.712923 0.700769
0.541962 -1.712923 0.700769
0.541962 -1.712923 0.700769
0.541962 -1.712923 0.700769
0.541962 -1.712923 0.700769
0.541962 -1.712923 0.700769
0.541962 -1.712923 0.700769
0.541962 -1.712923 0.700769
0.541962 -1.712923 0.700769
0.541962 -1.712923 0.700769
0.541962 -1.712923 0.700769
0.541962 -1.712923 0.700769
0.541962 -1.712923 0.700769
0.541962 -1.712923 0.700769
0.541962 -1.712923 0.700769
0.541962 -1.712923 0.700769
0.541962 -1.712923 0.700769
0.541962 -1.712923 0.700769
0.541962 -1.712923 0.700769
0.541962 -1.712923 0.700769
0.541962 -1.712923 0.700769
0.541962 -1.712923 0.700769
0.541962 -1.712923 0.700769
0.541962 -1.712923 0.700769
0.541962 -1.712923 0.700769
0.541962 -1.712923 0.700769
0.541962 -1.712923 0.700769
0.541962 -1.712923 0.700769
0.541962 -1.712923 0.700769
0.541962 -1.712923 0.700769
0.541962 -1.712923 0.700769
0.541962 -1.712923 0.700769
0.541962 -1.712923 0.700769
0.541962 -1.712923 0.700769
0.541962 -1.712923 0.700769
0.541962 -1.712923 0.700769
0.541962 -1.712923 0.700769
0.541962 -1.712923 0.700769
0.541962 -1.712923 0.700769
0.541962 -1.712923 0.700769
0.541962 -1.712923 0.700769
0.541962 -1.712923 0.700769
0.541962 -1.712923 0.700769
0.541962 -1.712923 0.700769
0.541962 -1.712923 0.700769
0.541962 -1.712923 0.700769
0.541962 -1.712923 0.700769
0.541962 -1.712923 0.700769
0.541962 -1.712923 0.700769
0.541962 -1.712923 0.700769
0.541962 -1.712923 0.700769
0.541962 -1.712923 0.700769
0.541962 -1.712923 0.700769
0.541962 -1.712923 0.700769
0.541962 -1.712923 0.700769
0.541962 -1.712923 0.700769
0.541962 -1.712923 0.700769
0.541962 -1.712923 0.700769
0.541962 -1.712923 0.700769
0.541962 -1.712923 0.700769
0.541962 -1.712923 0.700769
0.541962 -1.712923 0.700769
0.541962 -1.712923 0.700769
0.541962 -1.712923 0.700769
0.541962 -1.712923 0.700769
0.541962 -1.712923 0.700769
0.541962 -1.712923 0.700769
0.541962 -1.712923 0.700769
0.541962 -1.712923 0.700769
0.541962 -1.712923 0.700769
0.541962 -1.712923 0.700769
0.541962 -1.712923 0.700769
0.541962 -1.712923 0.700769
0.541962 -1.712923 0.700769
0.541962 -1.712923 0.700769
0.541962 -1.712923 0.700769
0.541962 -1.712923 0.700769
0.541962 -1.712923 0.700769
0.541962 -1.712923 0.700769
0.541962 -1.712923 0.700769
0.541962 -1.712923 0.700769
0.541962 -1.712923 0.700769
0.541962 -1.712923 0.700769
0.541962 -1.712923 0.700769
0.541962 -1.712923 0.700769
0.541962 -1.712923 0.700769
0.541962 -1.712923 0.700769
0.541962 -1.712923 0.700769
0.541962 -1.712923 0.700769
0.541962 -1.712923 0.700769
0.541962 -1.712923 0.700769
0.541962 -1.712923 0.700769
0.541962 -1.712923 0.700769
0.541962 -1.712923 0.700769
0.541962 -1.712923 0.700769
0.541962 -1.712923 0.700769
0.541962 -1.712923 0.700769
0.541962 -1.712923 0.700769
0.541962 -1.712923 0.700769
0.541962 -1.712923 0.700769
0.541962 -1.712923 0.700769
0.541962 -1.712923 0.700769
0.541962 -1.712923 0.700769
0.541962 -1.712923 0.700769
0.541962 -1.712923 0.700769
0.541962 -1.712923 0.700769
0.541962 -1.712923 0.700769
0.541962 -1.712923 0.700769
0.541962 -1.712923 0.700769
0.541962 -1.712923 0.700769
0.541962 -1.712923 0.700769
0.541962 -1.712923 0.700769
0.541962 -1.712923 0.700769
0.541962 -1.712923 0.700769
0.541962 -1.712923 0.700769
0.541962 -1.712923 0.700769
0.541962 -1.712923 0.700769
0.541962 -1.712923 0.700769
0.541962 -1.712923 0.700769
0.541962 -1.712923 0.700769
0.541962 -1.712923 0.700769
0.541962 -1.712923 0.700769
0.541962 -1.712923 0.700769
0.541962 -1.712923 0.700769
0.541962 -1.712923 0.700769
0.541962 -1.712923 0.700769
0.541962 -1.712923 0.700769
0.541962 -1.712923 0.700769
0.541962 -1.712923 0.700769
0.541962 -1.712923 0.700769
0.541962 -1.712923 0.700769
0.541962 -1.712923 0.700769
0.541962 -1.712923 0.700769
0.541962 -1.712923 0.700769
0.541962 -1.712923 0.700769
0.541962 -1.712923 0.700769
0.541962 -1.712923 0.700769
0.541962 -1.712923 0.700769
0.541962 -1.712923 0.700769
0.541962 -1.712923 0.700769
0.541962 -1.712923 0.700769
0.541962 -1.712923 0.700769
0.541962 -1.712923 0.700769
0.541962 -1.712923 0.700769
0.541962 -1.712923 0.700769
0.541962 -1.712923 0.700769
0.541962 -1.712923 0.700769
0.541962 -1.712923 0.700769
0.541962 -1.712923 0.700769
0.541962 -1.712923 0.700769
0.541962 -1.712923 0.700769
0.541962 -1.712923 0.700769
0.541962 -1.712923 0.700769
0.541962 -1.712923 0.700769
0.541962 -1.712923 0.700769
0.541962 -1.712923 0.700769
0.541962 -1.712923 0.700769
0.541962 -1.712923 0.700769
0.541962 -1.712923 0.700769
0.541962 -1.712923 0.700769
0.541962 -1.712923 0.700769
0.541962 -1.712923 0.700769
0.541962 -1.712923 0.700769
0.541962 -1.712923 0.700769
0.541962 -1.712923 0.700769
0.541962 -1.712923 0.700769
0.541962 -1.712923 0.700769
0.541962 -1.712923 0.700769
0.541962 -1.712923 0.700769
0.541962 -1.712923 0.700769
0.541962 -1.712923 0.700769
0.541962 -1.712923 0.700769
0.541962 -1.712923 0.700769
0.541962 -1.712923 0.700769
0.541962 -1.712923 0.700769
0.541962 -1.712923 0.700769
0.541962 -1.712923 0.700769
0.541962 -1.712923 0.700769
0.541962 -1.712923 0.700769
0.541962 -1.712923 0.700769
0.541962 -1.712923 0.700769
0.541962 -1.712923 0.700769
0.541962 -1.712923 0.700769
0.541962 -1.712923 0.700769
0.541962 -1.712923 0.700769
0.541962 -1.712923 0.700769
0.541962 -1.712923 0.700769
0.541962 -1.712923 0.700769
0.541962 -1.712923 0.700769
0.541962 -1.712923 0.700769
0.541962 -1.712923 0.700769
0.541962 -1.712923 0.700769
0.541962 -1.712923 0.700769
0.541962 -1.712923 0.700769
0.541962 -1.712923 0.700769
0.541962 -1.712923 0.700769
0.541962 -1.712923 0.700769
0.541962 -1.712923 0.700769
0.541962 -1.712923 0.700769
0.541962 -1.712923 0.700769
0.541962 -1.712923 0.700769
0.541962 -1.712923 0.700769
0.541962 -1.712923 0.700769
0.541962 -1.712923 0.700769
0.541962 -1.712923 0.700769
0.541962 -1.712923 0.700769
0.541962 -1.712923 0.700769
0.541962 -1.712923 0.700769
0.541962 -1.712923 0.700769
0.541962 -1.712923 0.700769
0.541962 -1.712923 0.700769
0.541962 -1.712923 0.700769
0.541962 -1.712923 0.700769
0.541962 -1.712923 0.700769
0.541962 -1.712923 0.700769
0.541962 -1.712923 0.700769
0.541962 -1.712923 0.700769
0.541962 -1.712923 0.700769
0.541962 -1.712923 0.700769
0.541962 -1.712923 0.700769
0.541962 -1.712923 0.700769
0.541962 -1.712923 0.700769
0.541962 -1.712923 0.700769
0.541962 -1.712923 0.700769
0.541962 -1.712923 0.700769
0.541962 -1.712923 0.700769
0.541962 -1.712923 0.700769
0.541962 -1.712923 0.700769
0.541962 -1.712923 0.700769
0.541962 -1.712923 0.700769
0.541962 -1.712923 0.700769
0.541962 -1.712923 0.700769
0.541962 -1.712923 0.700769
0.541962 -1.712923 0.700769
0.541962 -1.712923 0.700769
0.541962 -1.712923 0.700769
0.541962 -1.712923 0.700769
0.541962 -1.712923 0.700769
0.541962 -1.712923 0.700769
0.541962 -1.712923 0.700769
0.541962 -1.712923 0.700769
0.541962 -1.712923 0.700769
0.541962 -1.712923 0.700769
0.541962 -1.712923 0.700769
0.541962 -1.712923 0.700769
0.541962 -1.712923 0.700769
0.541962 -1.712923 0.700769
0.541962 -1.712923 0.700769
0.541962 -1.712923 0.700769
0.541962 -1.712923 0.700769
0.541962 -1.712923 0.700769
0.541962 -1.712923 0.700769
0.541962 -1.712923 0.700769
0.541962 -1.712923 0.700769
0.541962 -1.712923 0.700769
0.541962 -1.712923 0.700769
0.541962 -1.712923 0.700769
0.541962 -1.712923 0.700769
0.541962 -1.712923 0.700769
0.541962 -1.712923 0.700769
0.541962 -1.712923 0.700769
0.541962 -1.712923 0.700769
0.541962 -1.712923 0.700769
0.541962 -1.712923 0.700769
0.541962 -1.712923 0.700769
0.541962 -1.712923 0.700769
0.541962 -1.712923 0.700769
0.541962 -1.712923 0.700769
0.541962 -1.712923 0.700769
0.541962 -1.712923 0.700769
0.541962 -1.712923 0.700769
0.541962 -1.712923 0.700769
0.541962 -1.712923 0.700769
0.541962 -1.712923 0.700769
0.541962 -1.712923 0.700769
0.541962 -1.712923 0.700769
0.541962 -1.712923 0.700769
0.541962 -1.712923 0.700769
0.541962 -1.712923 0.700769
0.541962 -1.712923 0.700769
0.541962 -1.712923 0.700769
0.541962 -1.712923 0.700769
0.541962 -1.712923 0.700769
0.541962 -1.712923 0.700769
0.541962 -1.712923 0.700769
0.541962 -1.712923 0.700769
0.541962 -1.712923 0.700769
0.541962 -1.712923 0.700769
0.541962 -1.712923 0.700769
0.541962 -1.712923 0.700769
0.541962 -1.712923 0.700769
0.541962 -1.712923 0.700769
0.541962 -1.712923 0.700769
0.541962 -1.712923 0.700769
0.541962 -1.712923 0.700769
0.541962 -1.712923 0.700769
0.541962 -1.712923 0.700769
0.541962 -1.712923 0.700769
0.541962 -1.712923 0.700769
0.541962 -1.712923 0.700769
0.541962 -1.712923 0.700769
0.541962 -1.712923 0.700769
0.541962 -1.712923 0.700769
0.541962 -1.712923 0.700769
0.541962 -1.712923 0.700769
0.541962 -1.712923 0.700769
0.541962 -1.712923 0.700769
0.541962 -1.712923 0.700769
0.541962 -1.712923 0.700769
0.541962 -1.712923 0.700769
0.541962 -1.712923 0.700769
0.541962 -1.712923 0.700769
0.541962 -1.712923 0.700769
0.541962 -1.712923 0.700769
0.541962 -1.712923 0.700769
0.541962 -1.712923 0.700769
0.541962 -1.712923 0.700769
0.541962 -1.712923 0.700769
0.541962 -1.712923 0.700769
0.541962 -1.712923 0.700769
0.541962 -1.712923 0.700769
0.541962 -1.712923 0.700769
0.541962 -1.712923 0.700769
0.541962 -1.712923 0.700769
0.541962 -1.712923 0.700769
0.541962 -1.712923 0.700769
0.541962 -1.712923 0.700769
0.541962 -1.712923 0.700769
0.541962 -1.712923 0.700769
0.541962 -1.712923 0.700769
0.541962 -1.712923 0.700769
0.541962 -1.712923 0.700769
0.541962 -1.712923 0.700769
0.541962 -1.712923 0.700769
0.541962 -1.712923 0.700769
0.541962 -1.712923 0.700769
0.541962 -1.712923 0.700769
0.541962 -1.712923 0.700769
0.541962 -1.712923 0.700769
0.541962 -1.712923 0.700769
0.541962 -1.712923 0.700769
0.541962 -1.712923 0.700769
0.541962 -1.712923 0.700769
0.541962 -1.712923 0.700769
0.541962 -1.712923 0.700769
0.541962 -1.712923 0.700769
0.541962 -1.712923 0.700769
0.541962 -1.712923 0.700769
0.541962 -1.712923 0.700769
