0.316040 -1.645600 0.626130
0.316040 -1.645600 0.626130
0.316040 -1.645600 0.626130
0.316040 -1.645600 0.626130
0.316040 -1.645600 0.626130
0.316040 -1.645600 0.626130
0.316040 -1.645600 0.626130
0.316040 -1.645600 0.626130
0.316040 -1.645600 0.626130
0.316040 -1.645600 0.626130
0.316040 -1.645600 0.626130
0.316040 -1.645600 0.626130
0.316040 -1.645600 0.626130
0.316040 -1.645600 0.626130
0.316040 -1.645600 0.626130
0.316040 -1.645600 0.626130
0.316040 -1.645600 0.626130
0.316040 -1.645600 0.626130
0.316040 -1.645600 0.626130
0.316040 -1.645600 0.626130
0.316040 -1.645600 0.626130
0.316040 -1.645600 0.626130
0.316040 -1.645600 0.626130
0.316040 -1.645600 0.626130
0.316040 -1.645600 0.635591
0.316040 -1.645600 0.645591
0.316040 -1.645600 0.645591
0.316040 -1.645600 0.645591
0.316040 -1.645600 0.647912
0.316040 -1.645600 0.652912
0.316040 -1.645600 0.660052
0.316040 -1.645600 0.670052
0.316040 -1.645600 0.675618
0.316040 -1.645600 0.677773
0.317178 -1.645600 0.677773
0.318733 -1.645600 0.677773
0.320370 -1.646155 0.677773
0.322590 -1.649789 0.677773
0.325643 -1.656835 0.677773
0.329943 -1.663881 0.677773
0.334909 -1.670261 0.677773
0.340458 -1.677390 0.677773
0.346006 -1.685185 0.677773
0.352387 -1.692979 0.677773
0.360016 -1.700358 0.677773
0.368726 -1.707736 0.677773
0.376438 -1.714033 0.677773
0.382070 -1.720080 0.677773
0.387618 -1.727376 0.677773
0.393832 -1.736834 0.677773
0.400296 -1.741384 0.677773
0.407343 -1.745933 0.677773
0.415804 -1.752979 0.677773
0.422018 -1.759359 0.677773
0.425320 -1.760413 0.677773
0.428122 -1.761218 0.677773
0.428122 -1.761218 0.677773
0.428122 -1.761218 0.677773
0.428122 -1.761218 0.677773
0.428122 -1.761218 0.677773
0.428122 -1.761218 0.677773
0.431008 -1.761218 0.677773
0.437471 -1.761162 0.677773
0.447471 -1.760855 0.677773
0.451106 -1.760855 0.677773
0.455157 -1.760855 0.677773
0.464866 -1.760855 0.677773
0.473160 -1.759384 0.677773
0.482703 -1.757913 0.677773
0.482703 -1.757913 0.677773
0.485089 -1.757913 0.677773
0.495089 -1.757913 0.677773
0.498391 -1.757913 0.677773
0.507684 -1.757913 0.677773
0.517684 -1.757913 0.677773
0.517824 -1.757913 0.677773
0.527824 -1.757606 0.677773
0.531958 -1.757383 0.677773
0.541958 -1.757383 0.677773
0.546924 -1.757383 0.677773
0.554803 -1.757383 0.677773
0.564096 -1.755579 0.677773
0.566149 -1.755579 0.677773
0.576149 -1.755579 0.677773
0.576149 -1.755579 0.677773
0.582613 -1.755579 0.677773
0.586082 -1.755579 0.677773
0.586082 -1.755579 0.677773
0.593710 -1.755579 0.677773
0.593710 -1.755579 0.677773
0.593710 -1.755579 0.677773
0.603710 -1.753775 0.677773
0.603710 -1.753775 0.677773
0.603710 -1.753775 0.677773
0.603710 -1.753775 0.677773
0.603710 -1.753775 0.677773
0.603710 -1.753775 0.677773
0.603710 -1.753775 0.677773
0.603710 -1.753775 0.677773
0.603710 -1.753775 0.677773
0.603710 -1.753775 0.677773
0.603710 -1.753775 0.677773
0.603710 -1.753775 0.677773
0.603710 -1.753775 0.677773
0.603710 -1.753775 0.677773
0.603710 -1.753775 0.677773
0.603710 -1.753775 0.677773
0.603710 -1.753775 0.677773
0.603710 -1.753775 0.677773
0.603710 -1.753775 0.677773
0.603710 -1.753775 0.677773
0.603710 -1.753775 0.677773
0.603710 -1.753775 0.677773
0.603710 -1.751722 0.677773
0.603710 -1.745008 0.677773
0.603710 -1.736214 0.677773
0.603710 -1.736214 0.677773
0.603710 -1.736214 0.677773
0.603710 -1.745423 0.677773
0.603710 -1.745423 0.677773
0.603710 -1.755423 0.677773
0.603710 -1.755423 0.677773
0.603710 -1.764133 0.677773
0.603710 -1.764133 0.677773
0.603710 -1.764133 0.677773
0.603710 -1.773009 0.677773
0.603710 -1.773009 0.677773
0.603710 -1.773009 0.677773
0.603710 -1.773009 0.677773
0.603710 -1.773009 0.677773
0.603710 -1.773009 0.677773
0.603710 -1.773009 0.677773
0.603710 -1.773009 0.677773
0.603710 -1.773009 0.677773
0.603710 -1.773009 0.677773
0.603710 -1.773009 0.677773
0.603710 -1.773066 0.677773
0.603710 -1.773704 0.677773
0.603710 -1.773704 0.677773
0.603710 -1.776589 0.677773
0.603710 -1.776589 0.677773
0.603710 -1.776589 0.677773
0.603710 -1.776589 0.677773
0.603710 -1.776589 0.677773
0.603710 -1.776589 0.677773
0.603710 -1.776589 0.677773
0.603710 -1.776589 0.677773
0.603710 -1.776589 0.677773
0.603710 -1.776589 0.677773
0.603710 -1.776589 0.677773
0.603710 -1.776589 0.677773
0.603710 -1.776589 0.677773
0.603710 -1.776589 0.677773
0.603710 -1.776589 0.677773
0.603710 -1.776589 0.677773
0.603710 -1.776589 0.677773
0.603710 -1.776589 0.677773
0.603710 -1.776589 0.677773
0.603710 -1.776589 0.677773
0.603710 -1.776589 0.677773
0.603710 -1.775284 0.677773
0.603710 -1.770318 0.677773
0.603710 -1.770318 0.677773
0.603710 -1.770318 0.677773
0.603710 -1.770318 0.677773
0.603710 -1.770318 0.677773
0.603710 -1.770318 0.677773
0.603710 -1.770318 0.677773
0.603710 -1.770318 0.677773
0.603710 -1.770318 0.677773
0.603710 -1.770318 0.678643
0.603710 -1.770318 0.680798
0.603710 -1.770318 0.685439
0.603710 -1.770318 0.688174
0.603710 -1.770318 0.688174
0.603710 -1.770318 0.688174
0.603710 -1.770318 0.688174
0.603710 -1.770318 0.688174
0.603710 -1.770318 0.684279
0.603710 -1.770318 0.682414
0.603710 -1.770318 0.682414
0.603710 -1.770318 0.675688
0.603710 -1.770318 0.675688
0.603710 -1.770318 0.670688
0.603710 -1.770318 0.665288
0.603710 -1.770318 0.664003
0.603710 -1.770318 0.656117
0.603710 -1.770318 0.656117
0.603710 -1.770318 0.650841
0.603710 -1.770318 0.646200
0.603710 -1.770318 0.643175
0.603710 -1.770318 0.636905
0.603710 -1.770318 0.636905
0.603710 -1.770318 0.635454
0.603710 -1.770318 0.629309
0.603710 -1.770318 0.629019
0.603710 -1.770318 0.621878
0.603710 -1.770318 0.619558
0.603710 -1.770318 0.618563
0.603710 -1.770318 0.611713
0.603710 -1.770318 0.611713
0.603710 -1.770318 0.611713
0.603710 -1.770318 0.611713
0.603710 -1.770318 0.611713
0.603710 -1.770318 0.611713
0.603710 -1.770318 0.611713
0.603710 -1.770318 0.611713
0.603710 -1.770318 0.611713
0.603710 -1.770318 0.611713
0.603710 -1.770318 0.611713
0.603710 -1.770318 0.611713
0.603710 -1.770318 0.611713
0.603710 -1.770318 0.611713
0.603710 -1.770318 0.611713
0.603710 -1.770318 0.611713
0.603710 -1.770318 0.611713
0.603710 -1.770318 0.611713
0.603710 -1.770318 0.611713
0.603710 -1.770318 0.611713
0.603710 -1.770318 0.611713
0.603710 -1.770318 0.611713
0.603710 -1.770318 0.611713
0.603710 -1.770318 0.611713
0.603710 -1.770318 0.611713
0.603710 -1.770318 0.611713
0.603710 -1.770318 0.611713
0.603710 -1.770318 0.611713
0.603710 -1.770318 0.611713
0.603710 -1.770318 0.611713
0.603710 -1.770318 0.611713
0.603710 -1.770318 0.611713
0.603710 -1.770318 0.611713
0.603710 -1.770318 0.611713
0.603710 -1.770318 0.611713
0.603710 -1.770318 0.611713
