0.316040 -1.645600 0.626130
0.316040 -1.645600 0.626130
0.316040 -1.645600 0.626130
0.316040 -1.645600 0.626130
0.316040 -1.645600 0.626130
0.316040 -1.645600 0.626130
0.316040 -1.645600 0.626130
0.316040 -1.645600 0.626130
0.316040 -1.645600 0.626130
0.316040 -1.645600 0.626130
0.316040 -1.645600 0.626130
0.316040 -1.645600 0.626130
0.316040 -1.645600 0.626130
0.316040 -1.645600 0.626130
0.316040 -1.645600 0.629611
0.316040 -1.645600 0.633797
0.316040 -1.645600 0.638797
0.316040 -1.645600 0.644487
0.316040 -1.645600 0.644487
0.316040 -1.645600 0.644487
0.316040 -1.645600 0.644487
0.316040 -1.645600 0.649596
0.316040 -1.645600 0.654996
0.316040 -1.645600 0.664043
0.316040 -1.645600 0.673090
0.316040 -1.645600 0.683007
0.316040 -1.645600 0.687358
0.319924 -1.647237 0.687358
0.326971 -1.652785 0.687358
0.335931 -1.659664 0.687358
0.335931 -1.659664 0.687358
0.335931 -1.659664 0.687358
0.335931 -1.659664 0.687358
0.341063 -1.663881 0.687358
0.348692 -1.672091 0.687358
0.356404 -1.678888 0.687358
0.362036 -1.683853 0.687358
0.371163 -1.690899 0.687358
0.377543 -1.694783 0.687358
0.386004 -1.702328 0.687358
0.391968 -1.706877 0.687358
0.399597 -1.715088 0.687358
0.408141 -1.719221 0.687358
0.416686 -1.727099 0.687358
0.425646 -1.733396 0.687358
0.435355 -1.737529 0.687358
0.445313 -1.744075 0.687358
0.454606 -1.750705 0.687358
0.463566 -1.756502 0.687358
0.472027 -1.761801 0.687358
0.480322 -1.767016 0.687358
0.480322 -1.767016 0.687358
0.489698 -1.772980 0.687358
0.499407 -1.779110 0.687358
0.499407 -1.779110 0.687358
0.499407 -1.779110 0.687358
0.499407 -1.779110 0.687358
0.499407 -1.779110 0.687358
0.499407 -1.779110 0.687358
0.497104 -1.779110 0.687358
0.489642 -1.779110 0.687358
0.487839 -1.778887 0.687358
0.487839 -1.778887 0.687358
0.487839 -1.778887 0.687358
0.487839 -1.778887 0.687358
0.487839 -1.778887 0.687358
0.490725 -1.778887 0.687358
0.500725 -1.778081 0.687358
0.506273 -1.778081 0.687358
0.516273 -1.777275 0.687358
0.522904 -1.775804 0.687358
0.532904 -1.774832 0.687358
0.541198 -1.774110 0.687358
0.541198 -1.774110 0.687358
0.546747 -1.773388 0.687358
0.546747 -1.773388 0.687358
0.546747 -1.773388 0.687358
0.546747 -1.773388 0.687358
0.546747 -1.773388 0.687358
0.546747 -1.773388 0.687358
0.556747 -1.772332 0.687358
0.556803 -1.772332 0.687358
0.566803 -1.770362 0.687358
0.576096 -1.770362 0.687358
0.585472 -1.769057 0.687358
0.595472 -1.768751 0.687358
0.599773 -1.768751 0.687358
0.599773 -1.768751 0.687358
0.599773 -1.768751 0.687358
0.599773 -1.768751 0.687358
0.599773 -1.768751 0.687358
0.599773 -1.768751 0.687358
0.599773 -1.768751 0.687358
0.599773 -1.768751 0.687358
0.599773 -1.768751 0.687358
0.599773 -1.768751 0.687358
0.599773 -1.768751 0.687358
0.599773 -1.768751 0.687358
0.599773 -1.768751 0.687358
0.599773 -1.768751 0.687358
0.599773 -1.768751 0.687358
0.599773 -1.768751 0.687358
0.599773 -1.768751 0.687358
0.599773 -1.768751 0.687358
0.599773 -1.768751 0.687358
0.599773 -1.768751 0.687358
0.599773 -1.768751 0.687358
0.599773 -1.768751 0.687358
0.599773 -1.768751 0.687358
0.599773 -1.768751 0.687358
0.599773 -1.768751 0.687358
0.599773 -1.768751 0.687358
0.599773 -1.768751 0.687358
0.599773 -1.768751 0.687358
0.599773 -1.768751 0.687358
0.599773 -1.768751 0.687358
0.599773 -1.768751 0.687358
0.599773 -1.768751 0.687358
0.599773 -1.768751 0.687358
0.599773 -1.768751 0.687358
0.599773 -1.768751 0.687358
0.599773 -1.768751 0.687358
0.599773 -1.768751 0.687358
0.599773 -1.768751 0.687358
0.599773 -1.768751 0.687358
0.599773 -1.768751 0.687358
0.599773 -1.768751 0.687358
0.599773 -1.768751 0.687358
0.599773 -1.768751 0.687358
0.601410 -1.778751 0.687358
0.601410 -1.778751 0.687358
0.601410 -1.778751 0.687358
0.601410 -1.778751 0.687358
0.601410 -1.778751 0.687358
0.601410 -1.778751 0.687358
0.601410 -1.778751 0.687358
0.601410 -1.778751 0.687358
0.601410 -1.778751 0.687358
0.601410 -1.778751 0.687358
0.601410 -1.778751 0.687358
0.601410 -1.778751 0.687358
0.601410 -1.778751 0.687358
0.601410 -1.778751 0.687358
0.601410 -1.778751 0.687358
0.601410 -1.778751 0.687358
0.601410 -1.778751 0.687358
0.601410 -1.778751 0.687358
0.601410 -1.778751 0.687358
0.601410 -1.778751 0.687358
0.601410 -1.778751 0.687358
0.601410 -1.778751 0.687358
0.601410 -1.778751 0.687358
0.601410 -1.778751 0.687358
0.601410 -1.778751 0.687358
0.601410 -1.778751 0.687358
0.601410 -1.778751 0.687358
0.601410 -1.778751 0.687358
0.601410 -1.778751 0.687358
0.601410 -1.778751 0.687358
0.601410 -1.778751 0.687358
0.601410 -1.778751 0.687358
0.601410 -1.778751 0.687358
0.601410 -1.778751 0.687358
0.601410 -1.778751 0.687358
0.601410 -1.778751 0.687358
0.601410 -1.778751 0.687358
0.601410 -1.778751 0.687358
0.601410 -1.778751 0.687358
0.601410 -1.778751 0.687358
0.601410 -1.778751 0.687358
0.601410 -1.778751 0.687358
0.601410 -1.778751 0.687358
0.601410 -1.778751 0.687358
0.601410 -1.778751 0.687358
0.601410 -1.778751 0.687358
0.601410 -1.778751 0.687358
0.601410 -1.778751 0.687358
0.601410 -1.778751 0.687358
0.601410 -1.778751 0.687358
0.601410 -1.778751 0.687358
0.601410 -1.778751 0.687358
0.601410 -1.778751 0.687358
0.601410 -1.778751 0.687358
0.601410 -1.778751 0.687358
0.601410 -1.778751 0.687358
0.601410 -1.778751 0.687358
0.601410 -1.778751 0.687358
0.601410 -1.778751 0.687358
0.601410 -1.778751 0.687358
0.601410 -1.778751 0.687358
0.601410 -1.778751 0.687358
0.601410 -1.778751 0.687358
0.601410 -1.778751 0.687358
0.601410 -1.778751 0.687358
0.601410 -1.778751 0.687358
0.601410 -1.778751 0.687358
0.601410 -1.778751 0.687358
0.601410 -1.778751 0.687358
0.601410 -1.778751 0.687358
0.601410 -1.778751 0.687358
0.601410 -1.778751 0.687358
0.601410 -1.778751 0.687358
0.601410 -1.778751 0.687358
0.601410 -1.778751 0.687358
0.601410 -1.778751 0.687358
0.601410 -1.778751 0.687358
0.601410 -1.778751 0.687358
0.601410 -1.778751 0.687358
0.601410 -1.778751 0.687358
0.601410 -1.778751 0.687358
0.601410 -1.778751 0.687358
0.601410 -1.778751 0.687358
0.601410 -1.778751 0.687358
0.601410 -1.778751 0.687358
0.601410 -1.778751 0.687358
0.601410 -1.778751 0.687358
0.601410 -1.778751 0.687358
0.601410 -1.778751 0.687358
0.601410 -1.778751 0.687358
0.601410 -1.778751 0.687358
0.601410 -1.778751 0.687358
0.601410 -1.778751 0.687358
0.601410 -1.778751 0.687358
0.601410 -1.778751 0.687358
0.601410 -1.778751 0.687358
0.601410 -1.778751 0.687358
0.601410 -1.778751 0.687358
0.601410 -1.778751 0.687358
0.601410 -1.778751 0.687358
0.601410 -1.778751 0.687358
0.601410 -1.778751 0.687358
0.601410 -1.778751 0.687358
0.601410 -1.778751 0.687358
0.601410 -1.778751 0.687358
0.601410 -1.778751 0.687358
0.601410 -1.778751 0.687358
0.601410 -1.778751 0.687358
0.601410 -1.778751 0.687358
0.601410 -1.778751 0.687358
0.601410 -1.778751 0.687358
0.601410 -1.778751 0.687358
0.601410 -1.778751 0.687358
0.601410 -1.778751 0.687358
0.601410 -1.778751 0.687358
0.601410 -1.778751 0.687358
0.601410 -1.778751 0.687358
0.601410 -1.778751 0.687358
0.601410 -1.778751 0.687358
0.601410 -1.778751 0.687358
0.601410 -1.778751 0.687358
0.601410 -1.778751 0.687358
0.601410 -1.778751 0.687358
0.601410 -1.778751 0.687358
0.601410 -1.778751 0.687358
0.601410 -1.778751 0.687358
0.601410 -1.778751 0.687358
0.601410 -1.778751 0.687358
0.601410 -1.778751 0.687358
0.601410 -1.778751 0.687358
0.601410 -1.778751 0.687358
0.601410 -1.778751 0.687358
0.601410 -1.778751 0.687358
0.601410 -1.778751 0.687358
0.601410 -1.778751 0.687358
0.601410 -1.778751 0.687358
0.601410 -1.778751 0.687358
0.601410 -1.778751 0.687358
0.601410 -1.778751 0.687358
0.601410 -1.778751 0.687358
0.601410 -1.778751 0.687358
0.601410 -1.778751 0.687358
0.601410 -1.778751 0.687358
0.601410 -1.778751 0.687358
0.601410 -1.778751 0.687358
0.601410 -1.778751 0.687358
0.601410 -1.778751 0.687358
0.601410 -1.778751 0.687358
0.601410 -1.778751 0.687358
0.601410 -1.778751 0.687358
0.601410 -1.778751 0.687358
0.601410 -1.778751 0.687358
0.601410 -1.778751 0.687358
0.601410 -1.778751 0.687358
0.601410 -1.778751 0.687358
0.601410 -1.778751 0.687358
0.601410 -1.778751 0.687358
0.601410 -1.778751 0.687358
0.601410 -1.778751 0.687358
0.601410 -1.778751 0.687358
0.601410 -1.778751 0.687358
0.601410 -1.778751 0.687358
0.601410 -1.778751 0.687358
0.601410 -1.778751 0.687358
0.601410 -1.778751 0.687358
0.601410 -1.778751 0.687358
0.601410 -1.778751 0.687358
0.601410 -1.778751 0.687358
0.601410 -1.778751 0.687358
0.601410 -1.778751 0.687358
0.601410 -1.778751 0.687358
0.601410 -1.778751 0.687358
0.601410 -1.778751 0.687358
0.601410 -1.778751 0.687358
0.601410 -1.778751 0.687358
0.601410 -1.778751 0.687358
0.601410 -1.778751 0.685784
0.601410 -1.778751 0.683629
0.601410 -1.778751 0.678863
0.601410 -1.778751 0.678863
0.601410 -1.778751 0.678449
0.601410 -1.778751 0.670853
0.601410 -1.778751 0.668242
0.601410 -1.778751 0.667952
0.601410 -1.778751 0.662952
0.601410 -1.778751 0.661958
0.601410 -1.778751 0.656848
0.601410 -1.778751 0.655398
0.601410 -1.778751 0.648257
0.601410 -1.778751 0.644196
0.601410 -1.778751 0.640881
0.601410 -1.778751 0.632290
0.601410 -1.778751 0.627290
0.601410 -1.778751 0.625715
0.601410 -1.778751 0.624721
0.601410 -1.778751 0.624721
0.601410 -1.778751 0.624721
0.601410 -1.778751 0.622110
0.601410 -1.778751 0.617925
0.601410 -1.778751 0.617925
0.601410 -1.778751 0.611779
0.601410 -1.778751 0.611779
0.601410 -1.778751 0.611779
0.601410 -1.778751 0.609044
0.601410 -1.778751 0.604982
0.601410 -1.778751 0.603532
0.601410 -1.778751 0.603532
0.601410 -1.778751 0.603532
0.601410 -1.778751 0.603532
0.601410 -1.778751 0.603532
0.601410 -1.778751 0.603532
0.601410 -1.778751 0.603532
0.601410 -1.778751 0.603532
0.601410 -1.778751 0.603532
0.601410 -1.778751 0.603532
0.601410 -1.778751 0.603532
0.601410 -1.778751 0.603532
0.601410 -1.778751 0.603532
0.601410 -1.778751 0.603532
0.601410 -1.778751 0.603532
0.601410 -1.778751 0.603532
0.601410 -1.778751 0.603532
0.601410 -1.778751 0.603532
0.601410 -1.778751 0.603532
0.601410 -1.778751 0.603532
0.601410 -1.778751 0.603532
0.601410 -1.778751 0.603532
0.601410 -1.778751 0.603532
0.601410 -1.778751 0.603532
0.601410 -1.778751 0.603532
0.601410 -1.778751 0.603532
0.601410 -1.778751 0.603532
0.601410 -1.778751 0.603532
0.601410 -1.778751 0.603532
0.601410 -1.778751 0.603532
0.601410 -1.778751 0.603532
0.601410 -1.778751 0.603532
0.601410 -1.778751 0.603532
0.601410 -1.778751 0.603532
0.601410 -1.778751 0.603532
0.601410 -1.778751 0.603532
0.601410 -1.778751 0.603532
0.601410 -1.778751 0.603532
0.601410 -1.778751 0.603532
0.601410 -1.778751 0.603532
0.601410 -1.778751 0.603532
0.601410 -1.778751 0.603532
0.601410 -1.778751 0.603532
0.601410 -1.778751 0.603532
0.601410 -1.778751 0.603532
0.601410 -1.778751 0.603532
0.601410 -1.778751 0.603532
0.601410 -1.778751 0.603532
0.601410 -1.778751 0.603532
0.601410 -1.778751 0.603532
0.601410 -1.778751 0.603532
0.601410 -1.778751 0.603532
0.601410 -1.778751 0.603532
0.601410 -1.778751 0.603532
0.601410 -1.778751 0.603532
0.601410 -1.778751 0.603532
0.601410 -1.778751 0.603532
0.601410 -1.778751 0.603532
0.601410 -1.778751 0.603532
0.601410 -1.778751 0.603532
0.601410 -1.778751 0.603532
0.601410 -1.778751 0.603532
0.601410 -1.778751 0.603532
0.601410 -1.778751 0.603532
0.601410 -1.778751 0.603532
0.601410 -1.778751 0.603532
0.601410 -1.778751 0.603532
0.601410 -1.778751 0.603532
0.601410 -1.778751 0.603532
0.601410 -1.778751 0.603532
0.601410 -1.778751 0.603532
0.601410 -1.778751 0.603532
0.601410 -1.778751 0.603532
0.601410 -1.778751 0.603532
0.601410 -1.778751 0.603532
0.601410 -1.778751 0.603532
0.601410 -1.778751 0.603532
0.601410 -1.778751 0.603532
0.601410 -1.778751 0.603532
0.601410 -1.778751 0.603532
0.601410 -1.778751 0.603532
0.601410 -1.778751 0.603532
0.601410 -1.778528 0.603532
0.601410 -1.778055 0.603532
0.601410 -1.777499 0.603532
0.601410 -1.776693 0.603532
0.601410 -1.775389 0.603532
0.601410 -1.773418 0.603532
0.601410 -1.771364 0.603532
0.601410 -1.768562 0.603532
0.601410 -1.765010 0.603532
0.601410 -1.759712 0.603532
0.601410 -1.753664 0.603532
0.601410 -1.753664 0.603532
0.601410 -1.746617 0.603532
0.601410 -1.738157 0.603532
0.601410 -1.728157 0.603532
0.601410 -1.728157 0.603532
0.601410 -1.722691 0.603532
0.601410 -1.713981 0.603532
0.601410 -1.713981 0.603532
0.601410 -1.708016 0.603532
0.601410 -1.698016 0.603532
0.601410 -1.698016 0.603532
0.601410 -1.691053 0.603532
0.601410 -1.691053 0.603532
0.601410 -1.685089 0.603532
0.601410 -1.675089 0.603532
0.601410 -1.667792 0.603532
0.601410 -1.660496 0.603532
0.601410 -1.652202 0.603532
0.601410 -1.642202 0.603532
0.601410 -1.642202 0.603532
0.601410 -1.632909 0.603532
0.601410 -1.624864 0.603532
0.601410 -1.618900 0.603532
0.601410 -1.608900 0.603532
0.601410 -1.602352 0.603532
0.601410 -1.592352 0.603532
0.601410 -1.586388 0.603532
0.601410 -1.578426 0.603532
0.601410 -1.568967 0.603532
0.601410 -1.568967 0.603532
0.601410 -1.558967 0.603532
0.601410 -1.550922 0.603532
0.601410 -1.540922 0.603532
0.601410 -1.536705 0.603532
0.601410 -1.534734 0.603532
0.601410 -1.534734 0.603532
0.601410 -1.534734 0.603532
0.601410 -1.534734 0.603532
0.601410 -1.534734 0.603532
0.601410 -1.534734 0.603532
0.601410 -1.534734 0.603532
0.601410 -1.534734 0.603532
0.601410 -1.534734 0.603532
0.601410 -1.534734 0.603532
0.601410 -1.534734 0.603532
0.601410 -1.534734 0.603532
0.601410 -1.534734 0.603532
0.601410 -1.534734 0.603532
0.601410 -1.534734 0.603532
0.601410 -1.534734 0.603532
0.601410 -1.534734 0.603532
0.601410 -1.534734 0.603532
0.601410 -1.534734 0.603532
0.601410 -1.534734 0.603532
0.601410 -1.534734 0.603532
0.601410 -1.534734 0.603532
0.601410 -1.534734 0.603532
0.601410 -1.534734 0.603532
0.601410 -1.534734 0.603532
0.601410 -1.534734 0.603532
0.601410 -1.534734 0.603532
0.601410 -1.534734 0.603532
0.601410 -1.534734 0.603532
0.601410 -1.534734 0.603532
0.601410 -1.534734 0.603532
0.601410 -1.534734 0.603532
0.601410 -1.534734 0.603532
0.601410 -1.534734 0.603532
0.601410 -1.534734 0.603532
