0.316040 -1.645600 0.626130
0.316040 -1.645600 0.626130
0.316040 -1.645600 0.626130
0.316040 -1.645600 0.626130
0.316040 -1.645600 0.626130
0.316040 -1.645600 0.626130
0.316040 -1.645600 0.626130
0.316040 -1.645600 0.626130
0.316040 -1.645600 0.626130
0.316040 -1.645600 0.626130
0.316040 -1.645600 0.626130
0.316040 -1.645600 0.626130
0.316040 -1.644545 0.626130
0.316346 -1.636250 0.626130
0.321728 -1.626250 0.626130
0.330605 -1.620535 0.626130
0.334739 -1.619813 0.626130
0.334739 -1.619813 0.626130
0.334739 -1.619813 0.626130
0.334739 -1.619813 0.626130
0.334739 -1.619813 0.626130
0.334739 -1.619813 0.626130
0.334739 -1.619813 0.626130
0.334739 -1.619813 0.626130
0.334739 -1.619813 0.626130
0.334739 -1.619813 0.627497
0.334739 -1.619813 0.632497
0.334739 -1.619813 0.638022
0.334739 -1.619813 0.645742
0.334739 -1.619813 0.654789
0.334739 -1.619813 0.664706
0.334739 -1.619813 0.664706
0.334739 -1.619813 0.664706
0.334739 -1.619813 0.664706
0.334739 -1.619813 0.664706
0.334739 -1.619813 0.664706
0.335711 -1.619813 0.664706
0.343756 -1.619813 0.664706
0.353756 -1.619813 0.664706
0.353756 -1.619813 0.664706
0.353756 -1.619813 0.664706
0.353756 -1.619813 0.664706
0.353756 -1.619813 0.664706
0.353756 -1.619813 0.664706
0.363756 -1.620202 0.664706
0.363756 -1.620202 0.664706
0.363756 -1.620202 0.664706
0.363756 -1.620202 0.664706
0.363756 -1.620202 0.664706
0.363756 -1.620202 0.664706
0.363756 -1.620202 0.664706
0.363756 -1.620202 0.664706
0.363756 -1.620202 0.664706
0.363756 -1.620202 0.664706
0.363756 -1.620202 0.664706
0.363756 -1.620202 0.664706
0.363756 -1.620202 0.664706
0.363756 -1.620202 0.664706
0.363756 -1.620202 0.664706
0.363756 -1.620202 0.664706
0.363756 -1.620202 0.664706
0.363756 -1.620202 0.664706
0.363756 -1.620202 0.664706
0.363756 -1.620202 0.664706
0.363756 -1.620202 0.664706
0.363756 -1.620202 0.664706
0.363756 -1.620202 0.664706
0.363756 -1.620202 0.664706
0.363756 -1.620202 0.664706
0.363756 -1.620202 0.664706
0.365727 -1.620202 0.664706
0.375727 -1.620202 0.664706
0.375727 -1.620202 0.664706
0.377281 -1.620202 0.664706
0.387281 -1.620202 0.664706
0.391332 -1.620202 0.664706
0.401332 -1.620202 0.664706
0.401332 -1.620202 0.664706
0.401332 -1.620202 0.664706
0.401332 -1.620202 0.664706
0.401332 -1.620202 0.664706
0.410874 -1.620202 0.664706
0.410874 -1.620202 0.664706
0.410874 -1.620202 0.664706
0.410874 -1.620202 0.664706
0.410874 -1.620202 0.664706
0.410874 -1.620202 0.664706
0.410874 -1.620202 0.664706
0.417754 -1.620202 0.664706
0.420224 -1.620202 0.664706
0.429600 -1.620202 0.664706
0.429600 -1.620202 0.664706
0.434899 -1.620202 0.664706
0.444899 -1.620202 0.664706
0.453610 -1.620202 0.664706
0.462903 -1.620202 0.664706
0.472903 -1.620202 0.664706
0.478285 -1.620202 0.664706
0.488285 -1.620202 0.664706
0.490754 -1.620202 0.664706
0.496552 -1.620202 0.664706
0.506552 -1.620591 0.664706
0.512184 -1.620591 0.664706
0.522184 -1.620813 0.664706
0.525236 -1.620813 0.664706
0.529121 -1.620813 0.664706
0.539121 -1.620813 0.664706
0.539121 -1.620813 0.664706
0.539121 -1.620813 0.664706
0.539121 -1.620813 0.664706
0.539121 -1.620813 0.664706
0.539121 -1.620813 0.664706
0.539121 -1.620813 0.664706
0.539121 -1.620813 0.664706
0.539121 -1.620813 0.664706
0.539121 -1.620813 0.664706
0.539121 -1.620813 0.664706
0.539121 -1.620813 0.664706
0.539121 -1.620813 0.664706
0.539121 -1.620813 0.664706
0.539121 -1.620813 0.664706
0.539121 -1.620813 0.664706
0.539121 -1.620813 0.664706
0.539121 -1.620813 0.664706
0.539121 -1.620813 0.664706
0.539121 -1.620813 0.664706
0.539121 -1.620813 0.664706
0.539121 -1.620813 0.664706
0.539121 -1.620813 0.664706
0.539121 -1.620813 0.664706
0.539121 -1.620813 0.664706
0.539121 -1.620813 0.664706
0.539121 -1.620813 0.664706
0.539121 -1.620813 0.664706
0.539121 -1.620813 0.664706
0.539121 -1.620813 0.664706
0.539121 -1.620813 0.664706
0.539121 -1.620813 0.664706
0.539121 -1.620813 0.664706
0.539121 -1.620813 0.664706
0.539121 -1.620813 0.664706
0.539121 -1.620813 0.664706
0.539121 -1.620813 0.664706
0.541757 -1.620813 0.664706
0.551133 -1.621618 0.664706
0.558179 -1.621618 0.664706
0.558179 -1.621618 0.664706
0.558179 -1.621618 0.664706
0.568179 -1.623006 0.664706
0.568179 -1.623006 0.664706
0.569151 -1.623006 0.664706
0.579151 -1.625225 0.664706
0.579151 -1.625225 0.664706
0.579151 -1.625225 0.664706
0.586364 -1.629941 0.664706
0.594492 -1.636238 0.664706
0.594492 -1.636238 0.664706
0.594492 -1.636238 0.664706
0.604492 -1.639206 0.664706
0.604492 -1.639206 0.664706
0.604492 -1.639206 0.664706
0.604492 -1.639206 0.664706
0.604492 -1.639206 0.664706
0.604492 -1.639206 0.664706
0.604492 -1.639206 0.664706
0.604492 -1.639206 0.664706
0.604492 -1.639206 0.664706
0.604492 -1.639206 0.664706
0.604492 -1.639206 0.664706
0.604492 -1.639206 0.664706
0.604492 -1.639206 0.664706
0.604492 -1.639206 0.664706
0.604492 -1.639206 0.664706
0.604492 -1.639206 0.664706
0.604492 -1.639206 0.664706
0.604492 -1.639206 0.664706
0.604492 -1.639206 0.664706
0.604492 -1.639206 0.664706
0.604492 -1.639206 0.664706
0.604492 -1.639206 0.664706
0.604492 -1.639206 0.664706
0.604492 -1.639206 0.664706
0.604492 -1.639206 0.664706
0.604492 -1.639206 0.664706
0.604492 -1.639206 0.664706
0.604492 -1.639206 0.664706
0.604492 -1.639206 0.664706
0.604492 -1.639206 0.664706
0.604492 -1.641425 0.664706
0.604492 -1.651383 0.664706
0.605464 -1.661383 0.664706
0.605464 -1.661383 0.664706
0.605771 -1.669178 0.664706
0.606992 -1.678886 0.664706
0.607964 -1.688886 0.664706
0.608936 -1.693019 0.664706
0.609659 -1.703019 0.664706
0.610131 -1.711896 0.664706
0.611769 -1.716112 0.664706
0.613407 -1.726112 0.664706
0.615044 -1.735072 0.664706
0.616682 -1.740120 0.664706
0.618319 -1.750120 0.664706
0.619458 -1.760120 0.664706
0.620596 -1.765086 0.664706
0.621319 -1.775086 0.664706
0.621319 -1.775086 0.664706
0.621319 -1.775086 0.664706
0.621319 -1.775086 0.664706
0.621319 -1.775086 0.664706
0.621319 -1.785086 0.664706
0.621319 -1.785086 0.664706
0.621319 -1.785086 0.664706
0.621319 -1.785086 0.664706
0.621319 -1.785086 0.664706
0.621319 -1.785086 0.664706
0.621319 -1.785086 0.664706
0.621319 -1.785086 0.664706
0.621319 -1.785086 0.664706
0.621319 -1.785086 0.664706
0.621319 -1.785086 0.664706
0.621319 -1.785086 0.664706
0.621319 -1.785086 0.664706
0.621319 -1.785086 0.664706
0.621319 -1.785086 0.664706
0.621319 -1.785086 0.664706
0.621319 -1.785086 0.664706
0.621319 -1.785086 0.664706
0.621319 -1.785086 0.664706
0.621319 -1.785086 0.664706
0.621319 -1.785086 0.664706
0.621319 -1.785086 0.664706
0.621319 -1.785086 0.664706
0.621319 -1.785086 0.664706
0.621319 -1.785086 0.664706
0.621319 -1.785086 0.664706
0.621319 -1.785086 0.664706
0.621319 -1.785086 0.664706
0.621319 -1.785086 0.664706
0.621319 -1.785086 0.664706
0.621319 -1.785086 0.664706
0.621319 -1.785086 0.664706
0.621319 -1.785086 0.664706
0.621319 -1.785086 0.664706
0.621319 -1.785086 0.664706
0.621319 -1.785086 0.664706
0.621319 -1.785086 0.664706
0.624204 -1.785086 0.664706
0.631500 -1.785086 0.664706
0.634553 -1.785086 0.664706
0.634553 -1.785086 0.664706
0.634553 -1.785086 0.664706
0.624553 -1.785086 0.664706
0.624553 -1.785086 0.664706
0.616259 -1.785086 0.664706
0.612541 -1.785086 0.664706
0.612541 -1.785086 0.664706
0.612541 -1.785086 0.664706
0.607410 -1.785086 0.664706
0.607410 -1.785086 0.664706
0.607410 -1.785086 0.664706
0.607410 -1.785086 0.664706
0.607410 -1.785086 0.664706
0.607410 -1.785086 0.664706
0.607410 -1.785086 0.664706
0.607410 -1.785086 0.664706
0.607410 -1.785086 0.664706
0.607410 -1.785086 0.664706
0.607410 -1.785086 0.664706
0.607410 -1.785086 0.664706
0.607410 -1.785086 0.664706
0.607410 -1.785086 0.664706
0.607410 -1.785086 0.664706
0.607410 -1.785086 0.658436
0.607410 -1.785086 0.648436
0.607410 -1.785086 0.648436
0.607410 -1.785086 0.648436
0.607410 -1.785086 0.644582
0.607410 -1.785086 0.637152
0.607410 -1.785086 0.637152
0.607410 -1.785086 0.637152
0.607410 -1.785086 0.634043
0.607410 -1.785086 0.634043
0.607410 -1.785086 0.634043
0.607410 -1.785086 0.634043
0.607410 -1.785086 0.625287
0.607410 -1.785086 0.625287
0.607410 -1.785086 0.625287
0.607410 -1.785086 0.623919
0.607410 -1.785086 0.613919
0.607410 -1.785086 0.613919
0.607410 -1.785086 0.613919
0.607410 -1.785086 0.609900
0.607410 -1.785086 0.601018
0.607410 -1.785086 0.601018
0.607410 -1.785086 0.601018
0.607410 -1.785086 0.601018
0.607410 -1.785086 0.601018
0.607410 -1.785086 0.601018
0.607410 -1.785086 0.601018
0.607410 -1.785086 0.601018
0.607410 -1.785086 0.601018
0.607410 -1.785086 0.601018
0.607410 -1.785086 0.601018
0.607410 -1.785086 0.601018
0.607410 -1.785086 0.601018
0.607410 -1.785086 0.601018
0.607410 -1.785086 0.601018
0.607410 -1.785086 0.601018
0.607410 -1.785086 0.601018
0.607410 -1.785086 0.601018
0.607410 -1.785086 0.601018
0.607410 -1.785086 0.601018
0.607410 -1.785086 0.601018
0.607410 -1.785086 0.601018
0.607410 -1.785086 0.601018
0.607410 -1.785086 0.601018
0.607410 -1.785086 0.601018
0.607410 -1.785086 0.601018
0.607410 -1.785086 0.601018
0.607410 -1.785086 0.601018
0.607410 -1.785086 0.601018
0.607410 -1.785086 0.601018
0.607410 -1.785086 0.601018
0.607410 -1.785086 0.601018
0.607410 -1.785086 0.601018
0.607410 -1.785086 0.601018
0.607410 -1.785086 0.601018
0.607410 -1.785086 0.601018
0.607410 -1.785086 0.601018
0.607410 -1.785086 0.601018
0.607410 -1.785086 0.601018
0.607410 -1.785086 0.601018
0.607410 -1.785086 0.601018
0.607410 -1.783615 0.601018
0.606106 -1.778482 0.601018
0.606106 -1.778482 0.601018
0.606106 -1.778482 0.601018
0.606106 -1.778482 0.601018
0.606106 -1.778482 0.601018
0.606106 -1.778482 0.601018
0.606106 -1.778482 0.601018
0.606106 -1.778482 0.602220
0.606106 -1.778482 0.608034
0.606106 -1.778482 0.608034
0.606106 -1.778482 0.608034
0.606106 -1.778482 0.608034
0.606106 -1.778482 0.608034
0.606106 -1.778482 0.608034
0.606106 -1.778482 0.608034
0.606106 -1.775430 0.608034
0.606106 -1.775430 0.608034
0.606106 -1.775430 0.608034
0.606106 -1.775430 0.608034
0.606106 -1.775430 0.608034
0.606106 -1.773376 0.608034
0.606106 -1.770324 0.608034
0.606106 -1.770324 0.608034
0.606106 -1.770324 0.608034
0.606106 -1.770324 0.608034
0.606106 -1.770324 0.608034
0.606106 -1.770324 0.608034
0.606106 -1.770324 0.608034
0.606106 -1.770324 0.608034
0.606106 -1.770324 0.608034
0.606106 -1.770324 0.608034
0.606106 -1.770324 0.608034
0.606106 -1.770324 0.608034
0.606106 -1.770324 0.608034
0.606106 -1.770324 0.608034
0.606106 -1.770324 0.608034
0.606106 -1.770324 0.607703
0.606106 -1.770324 0.606046
0.606106 -1.770324 0.606046
0.606106 -1.770324 0.606046
0.606106 -1.770324 0.606046
0.606106 -1.770324 0.603642
0.606106 -1.770324 0.603642
0.606106 -1.770324 0.603642
0.606106 -1.770324 0.603642
0.606106 -1.770324 0.603642
0.606106 -1.770324 0.603642
0.606106 -1.770324 0.603642
0.606106 -1.770324 0.603642
0.606106 -1.770324 0.603642
0.606106 -1.770324 0.603642
0.606106 -1.770324 0.603642
0.606106 -1.770324 0.603642
0.606106 -1.770324 0.603642
0.606106 -1.770324 0.603642
0.606106 -1.770324 0.603642
0.606106 -1.770324 0.603642
0.606106 -1.770324 0.603642
0.606106 -1.770324 0.603642
0.606106 -1.770324 0.603642
0.606106 -1.770324 0.603642
0.606106 -1.770324 0.603642
0.606106 -1.770324 0.603642
0.606106 -1.770324 0.603642
0.606106 -1.770324 0.603642
0.606106 -1.770324 0.603642
0.606106 -1.770324 0.603642
0.606106 -1.770324 0.603642
0.606106 -1.770324 0.603642
0.606106 -1.770324 0.603642
0.606106 -1.770324 0.603642
0.606106 -1.770324 0.603642
0.606106 -1.770324 0.603642
0.606106 -1.770324 0.603642
0.606106 -1.770324 0.603642
0.606106 -1.770324 0.603642
0.606106 -1.770324 0.603642
0.606106 -1.770324 0.603642
0.606106 -1.770324 0.603642
0.606106 -1.770324 0.603642
0.606106 -1.770324 0.603642
0.606106 -1.770324 0.603642
0.606106 -1.770324 0.603642
0.606106 -1.770324 0.603642
0.606106 -1.770324 0.603642
0.606106 -1.770324 0.603642
0.606106 -1.770324 0.603642
0.606106 -1.770324 0.603642
0.606106 -1.770324 0.603642
0.606106 -1.770324 0.603642
0.606106 -1.770324 0.603642
0.606106 -1.770324 0.603642
0.606106 -1.770324 0.603642
0.606106 -1.770324 0.603642
0.606106 -1.770324 0.603642
0.606106 -1.770324 0.603642
0.606106 -1.770324 0.603642
0.606106 -1.770324 0.603642
0.606106 -1.770324 0.603642
0.606106 -1.770324 0.603642
0.606106 -1.768104 0.603642
0.607327 -1.762888 0.603642
0.609381 -1.758754 0.603642
0.609381 -1.758754 0.603642
0.609381 -1.758754 0.603642
0.609381 -1.758754 0.603642
0.609381 -1.758754 0.603642
0.609381 -1.758754 0.603642
0.609381 -1.758531 0.603642
0.609437 -1.756810 0.603642
0.611075 -1.753092 0.603642
0.613129 -1.749124 0.603642
0.613129 -1.749124 0.603642
0.613601 -1.748319 0.603642
0.613601 -1.748319 0.603642
0.613601 -1.748319 0.603642
0.613601 -1.748319 0.603642
0.613601 -1.748319 0.603642
0.613601 -1.750372 0.603642
0.613601 -1.753840 0.603642
0.613601 -1.757474 0.603642
0.613601 -1.761191 0.603642
0.613601 -1.765075 0.603642
0.613601 -1.765075 0.603642
0.613601 -1.765075 0.603642
0.613601 -1.765075 0.603642
0.613601 -1.765075 0.603642
0.613601 -1.765075 0.603642
0.613601 -1.765075 0.603642
0.613601 -1.765075 0.603642
0.613601 -1.765075 0.603642
0.613601 -1.765075 0.603642
0.613601 -1.765075 0.603642
0.613601 -1.765075 0.603642
0.613601 -1.765075 0.603642
0.613601 -1.765075 0.603642
0.613601 -1.765075 0.603642
0.613601 -1.765075 0.603642
0.616071 -1.765075 0.603642
0.625447 -1.765075 0.603642
0.625447 -1.765075 0.603642
0.625447 -1.765075 0.603642
0.625447 -1.765075 0.603642
0.625447 -1.765075 0.603642
0.625447 -1.765075 0.603642
0.625447 -1.765075 0.603642
0.625447 -1.765075 0.603642
0.615447 -1.765075 0.603642
0.615447 -1.765075 0.603642
0.615447 -1.765075 0.603642
0.605447 -1.765075 0.603642
0.605447 -1.765075 0.603642
0.595447 -1.765075 0.603642
0.595447 -1.765075 0.603642
0.594393 -1.765075 0.603642
0.584393 -1.765075 0.603642
0.584393 -1.765075 0.603642
0.584393 -1.765075 0.603642
0.584393 -1.765075 0.603642
0.584393 -1.765075 0.603642
0.584393 -1.765075 0.603642
0.584393 -1.765075 0.603642
0.584393 -1.763770 0.603642
0.584393 -1.759386 0.603642
0.584393 -1.754420 0.603642
0.584393 -1.748955 0.603642
0.584393 -1.742491 0.603642
0.584393 -1.734696 0.603642
0.584393 -1.726402 0.603642
0.584393 -1.718024 0.603642
0.584393 -1.709397 0.603642
0.584393 -1.700270 0.603642
0.584393 -1.690644 0.603642
0.584393 -1.680644 0.603642
0.584393 -1.680644 0.603642
0.584393 -1.680644 0.603642
0.584393 -1.680644 0.603642
0.584393 -1.680644 0.603642
0.584393 -1.680644 0.603642
0.584393 -1.673515 0.603642
0.584393 -1.671794 0.603642
0.584393 -1.665663 0.603642
0.584393 -1.655663 0.603642
0.584393 -1.646370 0.603642
0.584393 -1.642486 0.603642
0.584533 -1.632486 0.603642
0.584533 -1.625106 0.603642
0.584533 -1.617727 0.603642
0.584533 -1.607727 0.603642
0.584533 -1.601763 0.603642
0.584533 -1.591763 0.603642
0.584533 -1.584633 0.603642
0.584533 -1.579251 0.603642
0.584533 -1.569251 0.603642
0.584533 -1.564534 0.603642
0.584310 -1.558820 0.603642
0.584310 -1.548820 0.603642
0.583838 -1.544686 0.603642
0.583838 -1.534686 0.603642
0.583838 -1.526557 0.603642
0.583838 -1.522590 0.603642
0.583838 -1.512590 0.603642
0.583838 -1.512590 0.603642
0.583838 -1.512590 0.603642
0.583838 -1.512590 0.603642
0.583838 -1.512590 0.603642
0.583838 -1.512590 0.603642
0.583838 -1.512590 0.603642
0.583838 -1.512590 0.603642
0.583838 -1.512590 0.603642
0.583838 -1.512590 0.604139
0.583838 -1.512590 0.607123
0.583838 -1.512590 0.612123
0.583838 -1.512590 0.617937
0.583838 -1.512590 0.624912
0.583838 -1.512590 0.632343
0.583838 -1.512590 0.640519
0.583838 -1.512590 0.649276
0.583838 -1.512590 0.658737
0.583838 -1.512590 0.668737
0.583838 -1.512590 0.668737
0.583838 -1.512590 0.668737
0.583838 -1.512590 0.668737
0.583838 -1.512590 0.668737
0.583838 -1.512590 0.668737
0.583838 -1.512590 0.676292
0.583838 -1.512590 0.682272
0.583838 -1.512590 0.691029
0.583838 -1.512590 0.701029
0.583838 -1.512590 0.709206
0.583838 -1.512590 0.717797
0.583838 -1.512590 0.727797
0.583838 -1.512590 0.737797
0.583838 -1.512590 0.737797
0.583838 -1.512590 0.737797
0.583838 -1.512590 0.737797
0.583838 -1.512590 0.737797
0.583838 -1.512590 0.737797
0.583838 -1.512590 0.737797
0.583838 -1.512590 0.737797
0.583838 -1.512590 0.737797
0.583838 -1.512590 0.737797
0.583838 -1.512590 0.737797
0.583838 -1.512590 0.737797
0.583838 -1.512590 0.737797
0.583838 -1.512590 0.737797
0.583838 -1.512590 0.737797
0.583838 -1.512590 0.737797
0.583838 -1.512590 0.737797
0.583838 -1.512590 0.737797
0.583838 -1.512590 0.737797
0.583838 -1.512590 0.737797
0.583838 -1.512590 0.737797
0.583838 -1.512590 0.737797
0.583838 -1.512590 0.737797
0.583838 -1.512590 0.737797
0.583838 -1.512590 0.737797
0.583838 -1.512590 0.737797
0.583838 -1.512590 0.737797
0.583838 -1.512590 0.737797
0.583838 -1.512590 0.737797
0.583838 -1.512590 0.737797
0.583838 -1.512590 0.737797
0.583838 -1.512590 0.737797
0.583838 -1.512590 0.737797
0.583838 -1.512590 0.737797
0.583838 -1.512590 0.737797
0.583838 -1.512590 0.737797
0.583838 -1.512590 0.737797
0.583838 -1.512590 0.737797
0.583838 -1.512590 0.737797
0.583838 -1.512590 0.737797
0.583838 -1.512590 0.737797
0.583838 -1.512590 0.737797
0.583838 -1.512590 0.737797
0.586224 -1.512590 0.737797
0.589526 -1.512590 0.737797
0.593161 -1.512590 0.737797
0.598543 -1.512812 0.737797
0.604341 -1.513118 0.737797
0.610805 -1.513424 0.737797
0.619100 -1.513730 0.737797
0.619100 -1.513730 0.737797
0.619100 -1.513730 0.737797
0.619100 -1.513730 0.737797
0.619100 -1.513730 0.737797
0.619100 -1.513730 0.737797
0.619100 -1.513730 0.737797
0.619100 -1.513730 0.737797
0.619100 -1.513730 0.737797
0.619100 -1.513730 0.737797
0.619100 -1.513730 0.737797
0.619100 -1.513730 0.737797
0.619100 -1.513730 0.737797
0.619100 -1.513730 0.737797
0.619100 -1.513730 0.737797
0.619100 -1.513730 0.737797
0.619100 -1.513730 0.737797
0.619100 -1.513730 0.737797
0.619100 -1.513730 0.737797
0.619100 -1.513730 0.737797
0.619100 -1.513730 0.737797
0.619100 -1.513730 0.737797
0.619100 -1.513730 0.737797
0.619100 -1.513730 0.737797
0.619100 -1.513730 0.737797
0.619100 -1.513730 0.737797
0.619100 -1.513730 0.737797
0.619100 -1.513730 0.737797
0.619100 -1.513730 0.737797
0.619100 -1.513730 0.737797
0.619100 -1.513730 0.737797
0.619100 -1.513730 0.737797
0.619156 -1.513730 0.737797
0.622874 -1.513730 0.737797
0.631002 -1.513730 0.737797
0.641002 -1.513730 0.737797
0.641002 -1.513730 0.737797
0.641002 -1.513730 0.737797
0.636536 -1.513730 0.737797
0.626536 -1.515117 0.737797
0.626536 -1.515117 0.737797
0.616536 -1.515117 0.737797
0.616536 -1.515117 0.737797
0.606536 -1.515117 0.737797
0.599158 -1.515117 0.737797
0.589158 -1.515173 0.737797
0.589158 -1.515173 0.737797
0.579782 -1.515173 0.737797
0.569782 -1.515173 0.737797
0.569782 -1.515173 0.737797
0.569782 -1.515173 0.737797
0.559782 -1.515173 0.737797
0.557563 -1.515173 0.737797
0.549102 -1.515173 0.737797
0.539102 -1.515173 0.737797
0.539102 -1.515173 0.737797
0.539102 -1.515173 0.737797
0.529102 -1.515811 0.737797
0.529102 -1.515811 0.737797
0.529102 -1.515811 0.737797
0.519102 -1.516450 0.737797
0.509102 -1.516450 0.737797
0.509102 -1.516450 0.737797
0.509102 -1.516450 0.737797
0.509102 -1.516450 0.737797
0.509102 -1.516450 0.737797
0.509102 -1.516450 0.737797
0.509102 -1.516450 0.737797
0.509102 -1.516450 0.737797
0.499102 -1.516756 0.737797
0.499102 -1.516756 0.737797
0.499102 -1.516756 0.737797
0.499102 -1.516756 0.737797
0.499102 -1.516756 0.737797
0.499102 -1.516756 0.737797
0.499102 -1.522886 0.737797
0.499102 -1.532886 0.737797
0.499102 -1.532886 0.737797
0.499102 -1.541762 0.737797
0.498048 -1.550971 0.737797
0.495329 -1.560971 0.737797
0.495329 -1.562359 0.737797
0.494441 -1.567823 0.737797
0.490890 -1.577823 0.737797
0.488920 -1.584620 0.737797
0.488532 -1.586756 0.737797
0.484232 -1.596756 0.737797
0.484232 -1.596756 0.737797
0.486285 -1.596756 0.737797
0.496285 -1.595285 0.737797
0.496285 -1.595285 0.737797
0.496285 -1.595285 0.737797
0.496285 -1.595285 0.737797
0.496285 -1.605285 0.737797
0.496285 -1.609002 0.737797
0.495397 -1.619002 0.737797
0.493011 -1.629002 0.737797
0.493011 -1.629002 0.737797
0.491458 -1.638128 0.737797
0.489238 -1.648128 0.737797
0.488350 -1.655174 0.737797
0.488350 -1.655174 0.737797
0.485215 -1.665174 0.737797
0.485215 -1.665174 0.737797
0.484493 -1.670888 0.737797
0.481608 -1.675437 0.737797
0.478058 -1.681983 0.737797
0.476504 -1.691983 0.737797
0.475865 -1.698863 0.737797
0.475144 -1.703828 0.737797
0.474921 -1.713828 0.737797
0.474921 -1.713828 0.737797
0.474921 -1.718128 0.737797
0.474921 -1.718128 0.737797
0.473783 -1.728128 0.737797
0.471813 -1.730847 0.737797
0.471092 -1.735646 0.737797
0.467957 -1.745646 0.737797
0.465488 -1.745951 0.737797
0.465488 -1.745951 0.737797
0.465488 -1.745951 0.737797
0.465488 -1.745951 0.737797
0.465488 -1.745951 0.737797
0.465488 -1.745951 0.737797
0.465488 -1.745951 0.737797
0.465488 -1.745951 0.737797
0.465488 -1.745951 0.737797
0.465488 -1.745951 0.737797
0.465488 -1.745951 0.737797
0.465488 -1.745951 0.737797
0.465488 -1.745951 0.737797
0.465488 -1.745951 0.737797
0.465488 -1.745951 0.737797
0.465488 -1.745951 0.737797
0.465488 -1.745951 0.737797
0.465488 -1.745951 0.737797
0.465488 -1.745951 0.737797
0.465488 -1.745951 0.737797
0.465488 -1.745951 0.737797
0.465488 -1.745951 0.737797
0.465488 -1.745951 0.737797
0.465488 -1.745951 0.737797
0.465488 -1.745951 0.737797
0.465488 -1.745951 0.737797
0.465488 -1.745951 0.737797
0.465488 -1.745951 0.737797
0.465488 -1.745951 0.737797
0.465488 -1.745951 0.737797
0.465488 -1.745951 0.737797
0.465488 -1.745951 0.737797
0.465488 -1.745951 0.737797
0.465488 -1.745951 0.737797
0.465488 -1.745951 0.737797
0.465488 -1.745951 0.737797
0.465488 -1.745951 0.737797
0.465488 -1.745951 0.737797
0.465488 -1.745951 0.737797
0.465488 -1.745951 0.737797
0.465488 -1.745951 0.737797
0.466460 -1.745951 0.737797
0.472923 -1.745951 0.737797
0.482923 -1.745951 0.737797
0.492923 -1.745395 0.737797
0.492923 -1.745395 0.737797
0.495393 -1.745395 0.737797
0.505393 -1.745395 0.737797
0.505393 -1.745395 0.737797
0.505393 -1.745395 0.737797
0.505393 -1.745395 0.737797
0.505393 -1.745618 0.737797
0.505393 -1.750667 0.737797
0.505393 -1.760667 0.737797
0.505393 -1.769127 0.737797
0.505393 -1.769433 0.737797
0.505393 -1.779433 0.737797
0.505393 -1.779433 0.737797
0.505393 -1.788142 0.737797
0.504505 -1.798142 0.737797
0.504505 -1.798142 0.737797
0.504505 -1.798142 0.737797
0.504505 -1.798142 0.737797
0.507141 -1.798142 0.737797
0.517141 -1.798142 0.737797
0.517141 -1.798142 0.737797
0.517141 -1.798142 0.737797
0.526268 -1.798142 0.737797
0.526268 -1.798142 0.737797
0.526268 -1.798142 0.737797
0.526268 -1.798142 0.737797
0.526268 -1.798142 0.737797
0.526268 -1.798142 0.737797
0.526268 -1.798142 0.737797
0.526268 -1.798142 0.741651
0.526268 -1.798142 0.731651
0.526268 -1.798142 0.730739
0.526268 -1.798142 0.730739
0.526268 -1.798142 0.730739
0.526268 -1.798142 0.720739
0.526268 -1.798142 0.720242
0.526268 -1.798142 0.712521
0.526268 -1.798142 0.708501
0.526268 -1.798142 0.708501
0.526268 -1.798142 0.708501
0.526268 -1.798142 0.708501
0.526268 -1.798142 0.708501
0.526268 -1.798142 0.708501
0.526268 -1.798142 0.708501
0.526268 -1.798142 0.708501
0.526268 -1.798142 0.708501
0.526268 -1.798142 0.708501
0.526268 -1.798142 0.708501
0.526268 -1.798142 0.708501
0.526268 -1.798142 0.708501
0.526268 -1.798142 0.708501
0.526268 -1.798142 0.708501
0.526268 -1.798142 0.708501
0.526268 -1.798142 0.708501
0.526268 -1.798142 0.708501
0.526268 -1.798142 0.708501
0.526268 -1.798142 0.708501
0.526268 -1.798142 0.708501
0.526268 -1.798142 0.708501
0.526268 -1.798142 0.708501
0.526268 -1.798142 0.708501
0.526268 -1.798142 0.708501
0.526268 -1.798142 0.708501
0.526268 -1.798142 0.708501
0.526268 -1.798142 0.708501
0.526268 -1.798142 0.708501
0.526268 -1.798142 0.708501
0.526268 -1.798142 0.708501
0.526268 -1.798142 0.708501
0.526268 -1.798142 0.708501
0.526268 -1.798142 0.708501
0.526268 -1.798142 0.708501
0.526268 -1.798142 0.708501
0.526268 -1.798142 0.708501
0.526268 -1.798142 0.708501
0.526268 -1.798142 0.708501
0.526268 -1.798142 0.708501
0.526268 -1.798142 0.708501
0.526268 -1.798142 0.708501
0.526268 -1.798142 0.708501
0.526268 -1.798142 0.708501
0.526268 -1.798142 0.708501
0.526268 -1.798142 0.708501
0.526268 -1.798142 0.708501
0.526268 -1.798142 0.708501
0.526268 -1.798142 0.708501
0.526268 -1.798142 0.708501
0.526268 -1.798142 0.708501
0.526268 -1.798142 0.708501
0.526268 -1.798142 0.708501
0.526268 -1.798142 0.708501
0.526268 -1.798142 0.708501
0.526268 -1.798142 0.708501
0.535644 -1.798142 0.708501
0.535644 -1.798142 0.708501
0.535644 -1.798142 0.708501
0.535644 -1.798142 0.708501
0.535644 -1.798142 0.708501
0.534506 -1.798142 0.708501
0.530539 -1.798142 0.708501
0.530539 -1.798142 0.708501
0.530539 -1.798142 0.708501
0.520539 -1.798142 0.708501
0.520539 -1.798142 0.708501
0.512245 -1.798142 0.708501
0.504617 -1.798142 0.708501
0.504617 -1.798142 0.708501
0.504617 -1.798142 0.708501
0.504617 -1.798142 0.708501
0.504617 -1.798142 0.708501
0.504617 -1.798142 0.708501
0.505838 -1.798142 0.708501
0.505838 -1.798142 0.708501
0.505838 -1.798142 0.708501
0.505838 -1.798142 0.708501
0.505838 -1.798142 0.708501
0.505838 -1.798142 0.708501
0.505838 -1.798142 0.708501
0.505838 -1.798142 0.708501
0.505838 -1.798142 0.698501
0.505838 -1.798142 0.698501
0.505838 -1.798142 0.697714
0.505838 -1.798142 0.692024
0.505838 -1.798142 0.692024
0.505838 -1.798142 0.682024
0.505838 -1.798142 0.682024
0.505838 -1.798142 0.672397
0.505838 -1.798142 0.664676
0.505838 -1.798142 0.660077
0.505838 -1.798142 0.654262
0.505838 -1.798142 0.654262
0.505838 -1.798142 0.644262
0.505838 -1.798142 0.642439
0.505838 -1.798142 0.637549
0.505838 -1.798142 0.635311
0.505838 -1.798142 0.635311
0.505838 -1.798142 0.625311
0.505838 -1.798142 0.622784
0.505838 -1.798142 0.622784
0.505838 -1.798142 0.616804
0.505838 -1.798142 0.609953
0.505838 -1.798142 0.609953
0.505838 -1.798142 0.609953
0.505838 -1.798142 0.609953
0.505838 -1.798142 0.609953
0.505838 -1.798142 0.609953
0.505838 -1.798142 0.609953
0.505838 -1.798142 0.609953
0.505838 -1.798142 0.609953
0.505838 -1.798142 0.609953
0.505838 -1.798142 0.609953
0.505838 -1.798142 0.609953
0.505838 -1.798142 0.609953
0.505838 -1.798142 0.609953
0.505838 -1.798142 0.609953
0.505838 -1.798142 0.609953
0.505838 -1.798142 0.609953
0.505838 -1.798142 0.609953
0.505838 -1.798142 0.609953
0.505838 -1.798142 0.609953
0.505838 -1.798142 0.609953
0.505838 -1.798142 0.609953
0.505838 -1.798142 0.609953
0.505838 -1.798142 0.609953
0.505838 -1.798142 0.609953
0.505838 -1.798142 0.609953
0.505838 -1.798142 0.609953
0.505838 -1.798142 0.609953
0.505838 -1.798142 0.609953
0.505838 -1.798142 0.609953
0.505838 -1.798142 0.609953
0.505838 -1.798142 0.609953
0.505838 -1.798142 0.609953
0.505838 -1.798142 0.609953
0.505838 -1.798142 0.609953
0.505838 -1.798142 0.609953
0.505838 -1.798142 0.609953
0.505838 -1.798142 0.609953
0.505838 -1.798142 0.609953
0.505838 -1.798142 0.609953
0.505838 -1.798142 0.609953
0.505838 -1.798142 0.609953
0.505838 -1.798142 0.609953
0.505838 -1.798142 0.609953
0.505838 -1.798142 0.609953
0.505838 -1.798142 0.609953
0.505838 -1.797919 0.609953
0.499625 -1.790124 0.609953
0.496990 -1.786822 0.609953
0.496990 -1.786822 0.609953
0.496990 -1.786822 0.609953
0.496990 -1.786822 0.609953
0.496990 -1.786822 0.609953
0.496990 -1.786822 0.609953
0.496990 -1.786822 0.609953
0.496990 -1.786599 0.609953
0.496102 -1.782881 0.609953
0.493466 -1.777249 0.609953
0.493466 -1.777249 0.609953
0.493466 -1.777249 0.609953
0.493466 -1.777249 0.609953
0.493466 -1.770286 0.609953
0.493466 -1.770286 0.609953
0.493466 -1.770286 0.609953
0.493466 -1.770286 0.609953
0.493466 -1.770286 0.609953
0.493466 -1.767234 0.609953
0.493466 -1.767234 0.609953
0.493466 -1.767234 0.609953
0.493466 -1.767234 0.609953
0.493466 -1.767234 0.609953
0.493466 -1.767234 0.609953
0.493466 -1.767234 0.609953
0.493466 -1.767234 0.609953
0.493466 -1.767234 0.609953
0.493466 -1.767234 0.609953
0.493466 -1.767234 0.609953
0.493466 -1.767234 0.609953
0.493466 -1.767234 0.609953
0.493466 -1.767234 0.609953
0.493466 -1.767234 0.609953
0.493466 -1.767234 0.609953
0.493466 -1.767234 0.609953
0.493466 -1.767234 0.609953
0.493466 -1.767234 0.606099
0.493466 -1.767234 0.606099
0.493466 -1.767234 0.606099
0.493466 -1.767234 0.606099
0.493466 -1.767234 0.606099
0.493466 -1.767234 0.606099
0.493466 -1.767234 0.606099
0.493466 -1.767234 0.606099
0.493466 -1.767234 0.606099
0.493466 -1.767234 0.606099
0.493466 -1.767234 0.606099
0.493466 -1.767234 0.606099
0.493466 -1.767234 0.606099
0.493466 -1.767234 0.606099
0.493466 -1.767234 0.606099
0.493466 -1.767234 0.606099
0.493466 -1.767234 0.606099
0.493466 -1.767234 0.606099
0.493466 -1.767234 0.606099
0.493466 -1.767234 0.606099
0.493466 -1.767234 0.606099
0.493466 -1.767234 0.606099
0.493466 -1.767234 0.606099
0.493466 -1.767234 0.606099
0.493466 -1.767234 0.606099
0.493466 -1.767234 0.606099
0.493466 -1.767234 0.606099
0.493466 -1.767234 0.606099
0.493466 -1.767234 0.606099
0.493466 -1.767234 0.606099
0.493466 -1.767234 0.606099
0.493466 -1.767234 0.606099
0.493466 -1.767234 0.606099
0.493466 -1.767234 0.606099
0.493466 -1.767234 0.606099
0.493466 -1.767234 0.606099
0.493466 -1.767234 0.606099
0.493466 -1.767234 0.606099
0.493466 -1.767234 0.606099
0.493466 -1.767234 0.606099
0.493466 -1.767234 0.606099
0.493466 -1.767234 0.606099
0.493466 -1.767234 0.606099
0.493466 -1.767234 0.606099
0.493466 -1.767234 0.606099
0.493466 -1.767234 0.606099
0.493466 -1.767234 0.606099
0.493466 -1.767234 0.606099
0.493466 -1.767234 0.606099
0.493466 -1.762517 0.606099
0.493466 -1.762517 0.606099
0.493466 -1.762517 0.606099
0.493466 -1.762517 0.606099
0.493466 -1.762517 0.606099
0.493466 -1.762517 0.606099
0.493466 -1.760796 0.606099
0.492412 -1.757494 0.606099
0.492412 -1.757494 0.606099
0.492412 -1.757494 0.606099
0.492412 -1.757494 0.606099
0.492412 -1.757494 0.606099
0.492412 -1.757494 0.606099
0.492412 -1.757494 0.606099
0.492412 -1.757494 0.606099
0.492412 -1.757494 0.606099
0.492412 -1.757494 0.606099
0.492412 -1.757494 0.606099
0.492412 -1.757494 0.606099
0.492412 -1.757494 0.606099
0.492412 -1.757494 0.606099
0.492412 -1.757494 0.606099
0.492412 -1.757494 0.606099
0.492412 -1.757494 0.606099
0.492412 -1.757494 0.606099
0.492412 -1.757494 0.606099
0.492412 -1.757494 0.606099
0.492412 -1.757494 0.606099
0.492412 -1.757494 0.606099
0.492412 -1.757494 0.606099
0.492412 -1.757494 0.606099
0.492412 -1.757494 0.606099
0.492412 -1.757494 0.606099
0.492412 -1.757494 0.606099
0.492412 -1.757494 0.606099
0.492412 -1.757494 0.606099
0.492412 -1.757494 0.606099
0.492412 -1.757494 0.606099
0.492412 -1.757494 0.606099
0.492412 -1.757494 0.606099
0.492412 -1.757494 0.606099
0.492412 -1.757494 0.606099
0.492412 -1.753776 0.606099
0.491773 -1.748810 0.606099
0.490885 -1.743844 0.606099
0.489830 -1.738878 0.606099
0.488110 -1.733912 0.606099
0.485891 -1.728946 0.606099
0.485252 -1.726726 0.606099
0.485252 -1.726726 0.606099
0.485252 -1.726726 0.606099
0.485252 -1.726726 0.606099
0.485252 -1.726726 0.606099
0.485252 -1.726726 0.606099
0.485252 -1.726726 0.606099
0.485252 -1.726726 0.606099
0.485252 -1.726726 0.606099
0.485252 -1.726726 0.606099
0.485252 -1.726726 0.606099
0.485252 -1.726726 0.606099
0.479704 -1.726726 0.606099
0.471411 -1.726726 0.606099
0.469358 -1.726726 0.606099
0.469358 -1.726726 0.606099
0.469358 -1.726726 0.606099
0.469358 -1.726726 0.606099
0.469358 -1.726726 0.606099
0.469358 -1.726726 0.606099
0.469358 -1.726726 0.606099
0.469358 -1.726726 0.606099
0.468469 -1.734021 0.606099
0.468469 -1.734021 0.606099
0.468469 -1.734021 0.606099
0.468469 -1.734021 0.606099
0.468469 -1.734021 0.606099
0.468469 -1.734021 0.606099
0.468469 -1.734021 0.606099
0.468469 -1.734021 0.606099
0.468469 -1.734021 0.606099
0.468469 -1.734021 0.606099
0.468469 -1.734021 0.606099
0.468469 -1.734021 0.606099
0.468469 -1.732217 0.606099
0.468469 -1.727335 0.606099
0.468469 -1.727335 0.606099
0.468469 -1.727335 0.606099
0.468469 -1.727335 0.606099
0.468469 -1.727335 0.606099
0.468469 -1.727335 0.606099
0.468469 -1.727335 0.606099
0.468469 -1.727335 0.606099
0.468469 -1.721453 0.606099
0.468469 -1.716321 0.606099
0.468469 -1.716321 0.606099
0.468469 -1.716321 0.606099
0.468469 -1.716321 0.606099
0.468469 -1.716321 0.606099
0.468469 -1.715349 0.606099
0.468081 -1.709884 0.606099
0.466776 -1.702920 0.606099
0.465472 -1.694626 0.606099
0.465250 -1.684626 0.606099
0.463862 -1.675499 0.606099
0.463862 -1.675499 0.606099
0.463862 -1.675499 0.606099
0.463862 -1.673695 0.606099
0.463862 -1.663695 0.606099
0.460811 -1.663222 0.606099
0.460172 -1.663222 0.606099
0.460172 -1.663222 0.606099
0.460172 -1.661169 0.606099
0.460172 -1.652791 0.606099
0.459950 -1.644663 0.606099
0.459950 -1.644663 0.606099
0.459950 -1.644663 0.606099
0.459950 -1.634663 0.606099
0.459950 -1.625037 0.606099
0.458812 -1.624814 0.606099
0.458756 -1.624814 0.606099
0.458284 -1.624814 0.606099
0.458284 -1.614814 0.606099
0.456730 -1.608850 0.606099
0.454677 -1.608543 0.606099
0.454677 -1.608543 0.606099
0.454677 -1.604160 0.606099
0.454677 -1.594160 0.606099
0.454677 -1.594103 0.606099
0.454677 -1.594103 0.606099
0.454677 -1.584103 0.606099
0.454677 -1.584103 0.606099
0.454677 -1.584103 0.606099
0.454677 -1.584103 0.606099
0.454677 -1.579470 0.606099
0.454677 -1.579470 0.606099
0.454677 -1.577998 0.606099
0.454677 -1.577998 0.606099
0.454677 -1.577998 0.606099
0.454677 -1.577998 0.606099
0.454677 -1.577998 0.606099
0.454677 -1.577998 0.606099
0.454677 -1.577998 0.606099
0.454677 -1.577998 0.606099
0.454677 -1.577998 0.606099
0.454677 -1.577998 0.606099
0.454677 -1.577998 0.606099
0.454677 -1.577998 0.606099
0.454677 -1.577998 0.606099
0.454677 -1.577998 0.606099
0.454677 -1.577998 0.606099
0.454677 -1.577998 0.606099
0.454677 -1.577998 0.606099
0.454677 -1.577998 0.606099
0.454677 -1.577998 0.606099
0.454677 -1.577998 0.606099
0.454677 -1.577998 0.606099
0.454677 -1.577998 0.606099
0.454677 -1.577998 0.606099
0.454677 -1.577998 0.606099
0.454677 -1.577998 0.606099
0.454677 -1.577998 0.606099
0.454677 -1.577998 0.606099
0.454677 -1.577998 0.606099
0.454677 -1.577998 0.606099
0.454677 -1.577998 0.606099
0.454677 -1.577998 0.606099
0.454677 -1.577998 0.606099
0.454677 -1.577998 0.606099
0.454677 -1.577998 0.606099
0.454677 -1.577998 0.606099
0.454677 -1.577998 0.606099
0.454677 -1.577998 0.606099
0.454677 -1.577998 0.606099
0.454677 -1.577998 0.606099
