0.316040 -1.645600 0.626130
0.316040 -1.645600 0.626130
0.316040 -1.645600 0.626130
0.316040 -1.645600 0.626130
0.316040 -1.645600 0.626130
0.316040 -1.645600 0.627415
0.316040 -1.645600 0.630896
0.316040 -1.645600 0.635247
0.316040 -1.645600 0.635247
0.316040 -1.645600 0.640247
0.316040 -1.645600 0.648423
0.316040 -1.645600 0.649128
0.316040 -1.645600 0.655978
0.316040 -1.645600 0.655978
0.316040 -1.645600 0.663409
0.316040 -1.645600 0.669845
0.316040 -1.645600 0.676695
0.316040 -1.645600 0.683255
0.316040 -1.645600 0.685866
0.316040 -1.645600 0.695866
0.316040 -1.645600 0.695866
0.316040 -1.645600 0.695866
0.316040 -1.645600 0.695866
0.316346 -1.645600 0.695866
0.317734 -1.645600 0.695866
0.320370 -1.645600 0.695866
0.323423 -1.645656 0.695866
0.325892 -1.646461 0.695866
0.328362 -1.649180 0.695866
0.331581 -1.653646 0.695866
0.335299 -1.658362 0.695866
0.339599 -1.663327 0.695866
0.344981 -1.668792 0.695866
0.350779 -1.674756 0.695866
0.357410 -1.682134 0.695866
0.362958 -1.688764 0.695866
0.367675 -1.694312 0.695866
0.370977 -1.698279 0.695866
0.377357 -1.704409 0.695866
0.382989 -1.709957 0.695866
0.388371 -1.714423 0.695866
0.396499 -1.721053 0.695866
0.402880 -1.727433 0.695866
0.409676 -1.733563 0.695866
0.417721 -1.741191 0.695866
0.423103 -1.745990 0.695866
0.425074 -1.748043 0.695866
0.425074 -1.748043 0.695866
0.428958 -1.751428 0.695866
0.432843 -1.754895 0.695866
0.437309 -1.759029 0.695866
0.441776 -1.763245 0.695866
0.446243 -1.767712 0.695866
0.449878 -1.771429 0.695866
0.455842 -1.776977 0.695866
0.461225 -1.782525 0.695866
0.463278 -1.784744 0.695866
0.463278 -1.784744 0.695866
0.463278 -1.784744 0.695866
0.463278 -1.784744 0.695866
0.463278 -1.784744 0.695866
0.463278 -1.784744 0.695866
0.463278 -1.784744 0.695866
0.463278 -1.784521 0.695866
0.463278 -1.782800 0.695866
0.463278 -1.782800 0.695866
0.463278 -1.782244 0.695866
0.463278 -1.779192 0.695866
0.463278 -1.773643 0.695866
0.463278 -1.773643 0.695866
0.463278 -1.773643 0.695866
0.463278 -1.773643 0.695866
0.463278 -1.768594 0.695866
0.463278 -1.768594 0.695866
0.463278 -1.768594 0.695866
0.463278 -1.768594 0.695866
0.463278 -1.768594 0.695866
0.463278 -1.768594 0.695866
0.464417 -1.768594 0.695866
0.466886 -1.768594 0.695866
0.470355 -1.768594 0.695866
0.474821 -1.768594 0.695866
0.480453 -1.768594 0.695866
0.487333 -1.768594 0.695866
0.495461 -1.768594 0.695866
0.502757 -1.768594 0.695866
0.507640 -1.768594 0.695866
0.514936 -1.768594 0.695866
0.522815 -1.768594 0.695866
0.528446 -1.768594 0.695866
0.536741 -1.768594 0.695866
0.542289 -1.768594 0.695866
0.551832 -1.768594 0.695866
0.557131 -1.768594 0.695866
0.562263 -1.768594 0.695866
0.562263 -1.768594 0.695866
0.569143 -1.768594 0.695866
0.569143 -1.768594 0.695866
0.572445 -1.768594 0.695866
0.572445 -1.768594 0.695866
0.572445 -1.768594 0.695866
0.572445 -1.768594 0.695866
0.572445 -1.768594 0.695866
0.572445 -1.768594 0.695866
0.572502 -1.768594 0.695866
0.572502 -1.768594 0.695866
0.578134 -1.768594 0.695866
0.578134 -1.768594 0.695866
0.578134 -1.768594 0.695866
0.578134 -1.768594 0.695866
0.578134 -1.768594 0.695866
0.578134 -1.768594 0.695866
0.580770 -1.768594 0.695866
0.580770 -1.768594 0.695866
0.580770 -1.768594 0.695866
0.580770 -1.768594 0.695866
0.580770 -1.768594 0.695866
0.580770 -1.768594 0.695866
0.580770 -1.768594 0.695866
0.580770 -1.768594 0.695866
0.580770 -1.768594 0.695866
0.580770 -1.768594 0.695866
0.580770 -1.768594 0.695866
0.580770 -1.768594 0.695866
0.580770 -1.768594 0.695866
0.580770 -1.768594 0.695866
0.580770 -1.768594 0.695866
0.580770 -1.768594 0.695866
0.580770 -1.768594 0.695866
0.580770 -1.768594 0.695866
0.580770 -1.768594 0.695866
0.580770 -1.768594 0.695866
0.580770 -1.768594 0.695866
0.580770 -1.768594 0.695866
0.580770 -1.768594 0.695866
0.580770 -1.768594 0.695866
0.580770 -1.768594 0.695866
0.580770 -1.768594 0.695866
0.580770 -1.768594 0.695866
0.580770 -1.768594 0.695866
0.580770 -1.768594 0.695866
0.580770 -1.768594 0.695866
0.580770 -1.768594 0.695866
0.580770 -1.768594 0.695866
0.580770 -1.768594 0.695866
0.580770 -1.768594 0.695866
0.580770 -1.768594 0.695866
0.580770 -1.768594 0.695866
0.580770 -1.768594 0.695866
0.580770 -1.768594 0.695866
0.580770 -1.768594 0.695866
0.580770 -1.768594 0.695866
0.580770 -1.768594 0.695866
0.580770 -1.768594 0.695866
0.580770 -1.768594 0.695866
0.580770 -1.768594 0.695866
0.580770 -1.768594 0.695866
0.580770 -1.768594 0.695866
0.585486 -1.768594 0.695866
0.585486 -1.768594 0.695866
0.585486 -1.768594 0.695866
0.585486 -1.768594 0.695866
0.585486 -1.768594 0.695866
0.585486 -1.768594 0.695866
0.585486 -1.768594 0.695866
0.585486 -1.768594 0.695866
0.585486 -1.768594 0.695866
0.585486 -1.768594 0.695866
0.585486 -1.768594 0.695866
0.585486 -1.768594 0.695866
0.585486 -1.768594 0.695866
0.585486 -1.768594 0.695866
0.589953 -1.768594 0.695866
0.589953 -1.768594 0.695866
0.589953 -1.768594 0.695866
0.589953 -1.768594 0.695866
0.589953 -1.768594 0.695866
0.589953 -1.768594 0.695866
0.589953 -1.768594 0.695866
0.589953 -1.768594 0.695866
0.589953 -1.768594 0.689886
0.589953 -1.768594 0.699886
0.589953 -1.768594 0.699886
0.589953 -1.768594 0.694030
0.589953 -1.768594 0.690425
0.589953 -1.768594 0.690425
0.589953 -1.768594 0.690425
0.589953 -1.768594 0.690425
0.589953 -1.768594 0.688684
0.589953 -1.768594 0.683575
0.589953 -1.768594 0.683575
0.589953 -1.768594 0.687470
0.589953 -1.768594 0.690371
0.589953 -1.768594 0.690371
0.589953 -1.768594 0.684971
0.589953 -1.768594 0.689971
0.589953 -1.768594 0.689971
0.589953 -1.768594 0.686656
0.589953 -1.768594 0.679515
0.589953 -1.768594 0.689142
0.589953 -1.768594 0.681131
0.589953 -1.768594 0.675151
0.589953 -1.768594 0.668301
0.589953 -1.768594 0.678301
0.589953 -1.768594 0.686768
0.589953 -1.768594 0.696768
0.589953 -1.768594 0.696768
0.589953 -1.768594 0.700953
0.589953 -1.768594 0.700953
0.589953 -1.768594 0.700953
0.589953 -1.768594 0.700953
0.589953 -1.768594 0.700953
0.589953 -1.768594 0.700953
0.589953 -1.768594 0.700953
0.589953 -1.768594 0.700953
0.589953 -1.768594 0.700953
0.589953 -1.768594 0.698799
0.589953 -1.768594 0.695317
0.589953 -1.768594 0.689047
0.589953 -1.768594 0.684047
0.589953 -1.768594 0.676741
0.589953 -1.768594 0.676741
0.589953 -1.768594 0.670761
0.589953 -1.768594 0.669477
0.589953 -1.768594 0.669477
0.589953 -1.768594 0.669477
0.589953 -1.768594 0.665415
0.589953 -1.768594 0.658399
0.589953 -1.768594 0.658399
0.589953 -1.768594 0.658399
0.589953 -1.768594 0.653399
0.589953 -1.768594 0.653399
0.589953 -1.768594 0.653399
0.589953 -1.768594 0.653399
0.589953 -1.768594 0.653399
0.589953 -1.768594 0.653399
0.589953 -1.768594 0.653399
0.589953 -1.768594 0.653399
0.592839 -1.768594 0.653399
0.592839 -1.768594 0.653399
0.592839 -1.768594 0.653399
0.592839 -1.768594 0.653399
0.588955 -1.768594 0.653399
0.588955 -1.768594 0.653399
0.588955 -1.768594 0.653399
0.584821 -1.768594 0.653399
0.584821 -1.768594 0.653399
0.584821 -1.768594 0.653399
0.584821 -1.768594 0.653399
0.584821 -1.768594 0.653399
0.584821 -1.768594 0.653399
0.584821 -1.768594 0.653399
0.584821 -1.768594 0.653399
0.584821 -1.768594 0.653399
0.584821 -1.768594 0.653399
0.584821 -1.768594 0.653399
0.584821 -1.768594 0.654850
0.584821 -1.768594 0.657004
0.584821 -1.768594 0.657004
0.584821 -1.768594 0.657004
0.584821 -1.768594 0.657004
0.584821 -1.768594 0.657004
0.584821 -1.768594 0.657004
0.584821 -1.768594 0.657004
0.584821 -1.768594 0.657004
0.584821 -1.768594 0.651894
0.584821 -1.768594 0.651314
0.584821 -1.768594 0.650610
0.584821 -1.768594 0.644050
0.584821 -1.768594 0.643636
0.584821 -1.768594 0.638636
0.584821 -1.768594 0.630335
0.584821 -1.768594 0.629175
0.584821 -1.768594 0.625113
0.584821 -1.768594 0.615486
0.584821 -1.768594 0.614906
0.584821 -1.768594 0.614906
0.584821 -1.768594 0.614906
0.584821 -1.768594 0.614906
0.584821 -1.768594 0.614906
0.584821 -1.768594 0.614906
0.584821 -1.768594 0.609975
0.584821 -1.768594 0.609685
0.584821 -1.768594 0.609685
0.584821 -1.768594 0.609685
0.584821 -1.768594 0.614685
0.584821 -1.768594 0.616715
0.584821 -1.768594 0.616715
0.584821 -1.768594 0.616715
0.584821 -1.768594 0.616715
0.584821 -1.768594 0.611950
0.584821 -1.768594 0.611080
0.584821 -1.768594 0.611080
0.584821 -1.768594 0.611080
0.584821 -1.768594 0.610500
0.584821 -1.768594 0.610500
0.584821 -1.768594 0.610500
0.584821 -1.768594 0.610500
0.584821 -1.768594 0.610500
0.584821 -1.768594 0.610500
0.584821 -1.768594 0.610500
0.584821 -1.768594 0.610500
0.584821 -1.768594 0.610500
0.584821 -1.768594 0.610500
0.584821 -1.768594 0.610500
0.584821 -1.768594 0.610500
0.584821 -1.768594 0.610500
0.584821 -1.768594 0.610500
0.584821 -1.768594 0.610500
0.584821 -1.768594 0.610500
0.584821 -1.768594 0.610085
0.584821 -1.768594 0.610085
0.584821 -1.768594 0.610085
0.584821 -1.768594 0.610085
0.584821 -1.768594 0.610085
0.584821 -1.768594 0.610085
0.584821 -1.768594 0.610085
0.584821 -1.768594 0.610085
0.584821 -1.768594 0.610085
0.584821 -1.768594 0.610085
0.584821 -1.768594 0.610085
0.584821 -1.768594 0.610085
0.584821 -1.768594 0.610085
0.584821 -1.768594 0.610085
0.584821 -1.768594 0.610085
0.584821 -1.768594 0.610085
0.584821 -1.768594 0.610085
0.584821 -1.768594 0.610085
0.584821 -1.768594 0.610085
0.584821 -1.768594 0.610085
0.584821 -1.768594 0.610085
0.584821 -1.768594 0.610085
0.584821 -1.768594 0.610085
0.584821 -1.768594 0.610085
0.584821 -1.768594 0.610085
0.584821 -1.768594 0.610085
0.584821 -1.768594 0.610085
0.584821 -1.768594 0.610085
0.584821 -1.768594 0.610085
0.584821 -1.768594 0.610085
0.584821 -1.768594 0.610085
0.584821 -1.768594 0.610085
0.584821 -1.768594 0.610085
0.584821 -1.768594 0.610085
0.584821 -1.768594 0.610085
0.584821 -1.768594 0.610085
0.584821 -1.768594 0.610085
0.584821 -1.768594 0.610085
0.584821 -1.768594 0.610085
0.584821 -1.768594 0.610085
0.584821 -1.768594 0.610085
0.584821 -1.768594 0.610085
0.584821 -1.768594 0.610085
0.584821 -1.768594 0.610085
0.584821 -1.768594 0.610085
0.584821 -1.768594 0.610085
0.584821 -1.768594 0.610085
0.584821 -1.768594 0.610085
0.584821 -1.768594 0.610085
0.584821 -1.763794 0.610085
0.584821 -1.753794 0.610085
0.584821 -1.753794 0.610085
0.584821 -1.753794 0.610085
0.584821 -1.753794 0.610085
0.584821 -1.753794 0.610085
0.584821 -1.753794 0.610085
0.584821 -1.753794 0.610085
0.584821 -1.753794 0.610085
0.584821 -1.747747 0.610085
0.584821 -1.746691 0.610085
0.584821 -1.742890 0.610085
0.584821 -1.737425 0.610085
0.584821 -1.729214 0.610085
0.584821 -1.720670 0.610085
0.584821 -1.710670 0.610085
0.584821 -1.702375 0.610085
0.584821 -1.702375 0.610085
0.584821 -1.692375 0.610085
0.584821 -1.692375 0.610085
0.584821 -1.683831 0.610085
0.584821 -1.678532 0.610085
0.584821 -1.668532 0.610085
0.584821 -1.659738 0.610085
0.584821 -1.649738 0.610085
0.584821 -1.640778 0.610085
0.584821 -1.640778 0.610085
0.584821 -1.632733 0.610085
0.584821 -1.622733 0.610085
0.584821 -1.622733 0.610085
0.584821 -1.612733 0.610085
0.584821 -1.604189 0.610085
0.584821 -1.595728 0.610085
0.584821 -1.588266 0.610085
0.584821 -1.578973 0.610085
0.584821 -1.578973 0.610085
0.584821 -1.572759 0.610085
0.584821 -1.562759 0.610085
0.584821 -1.554964 0.610085
0.584821 -1.544964 0.610085
0.584821 -1.536253 0.610085
0.584599 -1.531037 0.610085
0.584599 -1.521828 0.610085
0.584599 -1.518859 0.610085
0.584599 -1.518859 0.610085
0.584599 -1.518859 0.610085
0.584599 -1.518859 0.610085
0.584599 -1.518859 0.610085
0.584599 -1.518859 0.610085
0.584599 -1.518859 0.610085
0.584599 -1.518859 0.610085
0.584599 -1.518859 0.610085
0.584599 -1.518859 0.610085
0.584599 -1.518859 0.610085
0.584599 -1.518859 0.610085
0.584599 -1.518859 0.610085
0.584599 -1.518859 0.610085
0.584599 -1.518859 0.610085
0.584599 -1.518859 0.610085
0.584599 -1.518859 0.610085
0.584599 -1.518859 0.610085
0.584599 -1.518859 0.610085
0.584599 -1.518859 0.610790
0.584599 -1.518859 0.612074
0.584599 -1.518859 0.614809
0.584599 -1.518859 0.618995
0.584599 -1.518859 0.618995
0.584599 -1.518859 0.623926
0.584599 -1.518859 0.629782
0.584599 -1.518859 0.636508
0.584599 -1.518859 0.644104
0.584599 -1.518859 0.653151
0.584599 -1.518859 0.653151
0.584599 -1.518859 0.661908
0.584599 -1.518859 0.669339
0.584599 -1.518859 0.672364
0.584599 -1.518859 0.672364
0.584599 -1.518859 0.672364
0.584599 -1.518859 0.672364
0.584599 -1.518859 0.672364
0.584599 -1.518859 0.672364
0.584599 -1.518859 0.672364
0.584599 -1.518859 0.672364
0.584599 -1.518859 0.672364
0.584599 -1.518859 0.672364
0.584599 -1.518859 0.672364
0.584599 -1.518859 0.672364
0.584599 -1.518859 0.672364
0.584599 -1.518859 0.672364
0.584599 -1.518859 0.672364
0.584599 -1.518859 0.672364
0.584599 -1.518859 0.672364
0.584599 -1.518859 0.672364
0.584599 -1.518859 0.672364
0.584599 -1.518859 0.672364
0.584599 -1.518859 0.672364
0.584599 -1.518859 0.672364
0.584599 -1.518859 0.672364
0.584599 -1.518859 0.672364
0.584599 -1.518859 0.672364
0.584599 -1.518859 0.672364
0.584599 -1.518859 0.672364
0.584599 -1.518859 0.672364
0.584599 -1.518859 0.672364
0.584599 -1.518859 0.672364
0.584599 -1.518859 0.672364
0.584599 -1.518859 0.672364
0.584599 -1.518859 0.672364
0.584599 -1.518859 0.672364
0.584599 -1.518859 0.672364
0.584599 -1.518859 0.672364
0.584599 -1.518859 0.672364
0.584599 -1.518859 0.672364
0.584599 -1.518859 0.672364
0.584599 -1.518859 0.672364
0.584599 -1.518859 0.672364
0.584599 -1.518859 0.672364
0.584599 -1.518859 0.672364
0.584599 -1.518859 0.672364
0.584599 -1.518859 0.672364
0.584599 -1.518859 0.672364
0.584599 -1.518859 0.672364
0.584599 -1.518859 0.672364
0.584599 -1.518859 0.672364
0.584599 -1.518859 0.672364
0.584599 -1.518859 0.672364
0.584599 -1.518859 0.672364
0.584599 -1.518859 0.672364
0.584599 -1.518859 0.672364
0.584599 -1.518859 0.672364
0.584905 -1.518859 0.672364
0.585628 -1.518859 0.672364
0.586600 -1.518859 0.672364
0.586600 -1.518859 0.672364
0.586600 -1.518859 0.672364
0.587821 -1.518859 0.672364
0.587821 -1.518859 0.672364
0.587821 -1.518859 0.672364
0.587821 -1.518859 0.672364
0.587821 -1.518859 0.672364
0.586184 -1.520246 0.672364
0.581635 -1.525212 0.672364
0.576420 -1.530926 0.672364
0.576420 -1.530926 0.672364
0.576420 -1.530926 0.672364
0.571870 -1.537222 0.672364
0.568403 -1.544268 0.672364
0.565185 -1.552313 0.672364
0.565185 -1.552313 0.672364
0.561301 -1.560773 0.672364
0.556252 -1.568651 0.672364
0.549706 -1.576528 0.672364
0.549706 -1.576528 0.672364
0.546321 -1.582825 0.672364
0.541522 -1.591285 0.672364
0.537722 -1.598082 0.672364
0.534337 -1.604378 0.672364
0.531202 -1.612755 0.672364
0.528900 -1.618886 0.672364
0.528900 -1.618886 0.672364
0.527512 -1.624683 0.672364
0.524045 -1.631562 0.672364
0.524045 -1.632201 0.672364
0.524045 -1.632201 0.672364
0.521742 -1.636917 0.672364
0.521742 -1.636917 0.672364
0.521742 -1.636917 0.672364
0.518357 -1.644462 0.672364
0.512893 -1.653588 0.672364
0.509925 -1.659135 0.672364
0.506041 -1.667596 0.672364
0.503988 -1.672395 0.672364
0.503988 -1.672395 0.672364
0.503988 -1.672395 0.672364
0.503988 -1.672395 0.672364
0.503988 -1.672395 0.672364
0.503988 -1.672395 0.672364
0.503988 -1.672395 0.672364
0.503988 -1.672395 0.672364
0.503988 -1.672395 0.672364
0.503988 -1.672395 0.672364
0.503988 -1.672395 0.672364
0.503988 -1.672395 0.672364
0.503988 -1.672395 0.672364
0.503988 -1.675113 0.672364
0.502684 -1.684738 0.672364
0.501047 -1.694738 0.672364
0.500075 -1.703615 0.672364
0.498688 -1.713615 0.672364
0.498688 -1.717831 0.672364
0.498688 -1.723046 0.672364
0.498688 -1.728511 0.672364
0.498688 -1.736888 0.672364
0.498632 -1.744183 0.672364
0.497910 -1.754183 0.672364
0.497910 -1.760813 0.672364
0.497910 -1.768441 0.672364
0.497910 -1.773656 0.672364
0.497910 -1.773656 0.672364
0.497910 -1.775876 0.672364
0.497910 -1.775876 0.672364
0.497910 -1.775876 0.672364
0.497910 -1.769162 0.672364
0.497910 -1.769162 0.672364
0.497910 -1.769162 0.672364
0.497910 -1.769162 0.672364
0.497910 -1.769162 0.672364
0.497910 -1.769162 0.672364
0.497910 -1.769162 0.672364
0.497910 -1.769162 0.672364
0.497910 -1.769162 0.672364
0.497910 -1.769162 0.672364
0.497910 -1.769162 0.672364
0.497910 -1.769162 0.672364
0.497910 -1.769162 0.672364
0.499132 -1.769162 0.672364
0.499132 -1.769162 0.672364
0.499132 -1.769162 0.672364
0.499132 -1.769162 0.672364
0.499132 -1.769162 0.672364
0.499132 -1.769162 0.672364
0.499132 -1.769162 0.672364
0.499132 -1.769162 0.672364
0.502017 -1.769162 0.672364
0.502017 -1.769162 0.672364
0.502017 -1.769162 0.672364
0.502017 -1.769162 0.672364
0.502017 -1.769162 0.672364
0.502017 -1.769162 0.672364
0.502017 -1.769162 0.672364
0.502017 -1.769162 0.672364
0.502017 -1.769162 0.670209
0.502017 -1.769162 0.670209
0.502017 -1.769162 0.667598
0.502017 -1.769162 0.666728
0.502017 -1.769162 0.666728
0.502017 -1.769162 0.659878
0.502017 -1.769162 0.659878
0.502017 -1.769162 0.659298
0.502017 -1.769162 0.652572
0.502017 -1.769162 0.652572
0.502017 -1.769162 0.652572
0.502017 -1.769162 0.652572
0.502017 -1.769162 0.652572
0.502017 -1.769162 0.652572
0.502017 -1.769162 0.652572
0.502017 -1.769162 0.652572
0.502017 -1.769162 0.652572
0.502017 -1.769162 0.652572
0.502074 -1.769162 0.652572
0.502074 -1.769162 0.652572
0.502074 -1.769162 0.652572
0.502074 -1.769162 0.652572
0.502074 -1.769162 0.652572
0.505376 -1.769162 0.652572
0.505376 -1.769162 0.652572
0.506265 -1.769162 0.652572
0.506265 -1.769162 0.652572
0.506265 -1.769162 0.652572
0.506265 -1.769162 0.652572
0.506265 -1.769162 0.652572
0.506265 -1.769162 0.652572
0.506265 -1.769162 0.652572
0.506209 -1.769162 0.652572
0.506209 -1.769162 0.652572
0.506209 -1.769162 0.652572
0.506209 -1.769162 0.652572
0.506209 -1.769162 0.652572
0.506209 -1.769162 0.652572
0.506209 -1.769162 0.652572
0.506209 -1.769162 0.652572
0.506209 -1.769162 0.652572
0.506153 -1.769162 0.652572
0.506153 -1.769162 0.652572
0.506153 -1.769162 0.652572
0.506153 -1.769162 0.652572
0.506153 -1.769162 0.652572
0.503601 -1.769162 0.652572
0.503601 -1.769162 0.652572
0.502296 -1.769162 0.652572
0.502296 -1.769162 0.652572
0.502296 -1.769162 0.652572
0.502852 -1.769162 0.652572
0.502852 -1.769162 0.652572
0.503991 -1.769162 0.652572
0.503991 -1.769162 0.652572
0.503991 -1.769162 0.652572
0.503991 -1.769162 0.652572
0.503991 -1.769162 0.652572
0.503991 -1.769162 0.652572
0.503991 -1.769162 0.652572
0.503991 -1.769162 0.652572
0.503991 -1.769162 0.652572
0.503991 -1.769162 0.652572
0.503991 -1.769162 0.652572
0.503991 -1.769162 0.652572
0.503991 -1.769162 0.652572
0.503991 -1.769162 0.652572
0.503991 -1.769162 0.652572
0.503991 -1.769162 0.652572
0.504464 -1.769162 0.652572
0.504464 -1.769162 0.652572
0.504464 -1.769162 0.652572
0.504464 -1.769162 0.652572
0.504464 -1.769162 0.652572
0.504464 -1.769162 0.652572
0.504464 -1.769162 0.652572
0.504464 -1.769162 0.652572
0.504464 -1.769162 0.652572
0.504464 -1.769162 0.652572
0.504464 -1.769162 0.652572
0.504464 -1.769162 0.652572
0.504464 -1.769162 0.652572
0.504464 -1.769162 0.652572
0.504464 -1.769162 0.652572
0.504464 -1.769162 0.652572
0.504464 -1.769162 0.652572
0.504464 -1.769162 0.652572
0.504464 -1.769162 0.652572
0.504464 -1.769162 0.652572
0.504464 -1.769162 0.652572
0.504464 -1.769162 0.649381
0.504464 -1.769162 0.645486
0.504464 -1.769162 0.645196
0.504464 -1.769162 0.640086
0.504464 -1.769162 0.636895
0.504464 -1.769162 0.636315
0.504464 -1.769162 0.631549
0.504464 -1.769162 0.627198
0.504464 -1.769162 0.625333
0.504464 -1.769162 0.619933
0.504464 -1.769162 0.616908
0.504464 -1.769162 0.616328
0.504464 -1.769162 0.612267
0.504464 -1.769162 0.609946
0.504464 -1.769162 0.609946
0.504464 -1.769162 0.607916
0.504464 -1.769162 0.605761
0.504464 -1.769162 0.605761
0.504464 -1.769162 0.605761
0.504464 -1.769162 0.605761
0.504464 -1.769162 0.605761
0.504464 -1.769162 0.605761
0.504464 -1.769162 0.605761
0.504464 -1.769162 0.605761
0.504464 -1.769162 0.605761
0.504464 -1.769162 0.605761
0.504464 -1.769162 0.605761
0.504464 -1.769162 0.605761
0.504464 -1.769162 0.605761
0.504464 -1.769162 0.605761
0.504464 -1.769162 0.605761
0.504464 -1.769162 0.605761
0.504464 -1.769162 0.605761
0.504464 -1.769162 0.605761
0.504464 -1.769162 0.605761
0.504464 -1.769162 0.605761
0.504464 -1.769162 0.605761
0.504464 -1.769162 0.605761
0.504464 -1.769162 0.605761
0.504464 -1.767441 0.605761
0.504464 -1.765471 0.605761
0.504464 -1.765471 0.605761
0.504464 -1.765471 0.605761
0.504464 -1.765471 0.605761
0.504464 -1.766775 0.605761
0.504464 -1.766775 0.605761
0.504464 -1.766775 0.605761
0.504464 -1.766775 0.605761
0.504464 -1.767164 0.605761
0.504464 -1.767164 0.605761
0.504464 -1.767164 0.605761
0.504464 -1.767164 0.605761
0.504464 -1.767164 0.605761
0.504464 -1.767164 0.605761
0.504464 -1.767164 0.605761
0.504464 -1.767164 0.605761
0.504464 -1.767164 0.605761
0.504464 -1.768219 0.605761
0.504464 -1.768219 0.605761
0.504464 -1.768219 0.605761
0.504464 -1.768219 0.605761
0.504464 -1.768219 0.605761
0.504464 -1.768219 0.605761
0.504464 -1.768219 0.605761
0.504464 -1.768219 0.605761
0.504464 -1.768219 0.605761
0.504464 -1.768219 0.605761
0.504464 -1.768219 0.605761
0.504464 -1.768219 0.605761
0.504464 -1.768219 0.605761
0.504464 -1.768219 0.605761
0.504464 -1.768219 0.605761
0.504464 -1.768219 0.605761
0.504464 -1.768219 0.605761
0.504464 -1.768219 0.605761
0.504464 -1.768219 0.605761
0.504464 -1.768219 0.605761
0.504464 -1.768219 0.605761
0.504464 -1.768219 0.605761
0.504464 -1.768219 0.605761
0.504464 -1.768219 0.605761
0.504464 -1.768219 0.605761
0.504464 -1.768219 0.605761
0.504464 -1.768219 0.605761
0.504464 -1.768219 0.605761
0.504464 -1.768219 0.605761
0.504464 -1.768219 0.605761
0.504464 -1.768219 0.605761
0.504464 -1.768219 0.605761
0.504464 -1.768219 0.605761
0.504464 -1.768219 0.605761
0.504464 -1.768219 0.605761
0.504464 -1.768219 0.605761
0.504464 -1.768219 0.605761
0.504464 -1.768219 0.605761
0.504464 -1.768219 0.605761
0.504464 -1.768219 0.605761
0.504464 -1.768219 0.605761
0.504464 -1.768219 0.605761
0.504464 -1.768219 0.605761
0.504464 -1.768219 0.605761
0.504464 -1.768219 0.605761
0.504464 -1.768219 0.605761
0.504464 -1.764667 0.605761
0.504604 -1.754667 0.605761
0.504604 -1.754667 0.605761
0.504604 -1.748703 0.605761
0.504743 -1.738703 0.605761
0.504743 -1.729742 0.605761
0.504883 -1.719742 0.605761
0.504883 -1.713778 0.605761
0.504883 -1.703819 0.605761
0.504883 -1.703819 0.605761
0.504883 -1.693819 0.605761
0.504883 -1.684277 0.605761
0.504883 -1.674277 0.605761
0.504883 -1.665233 0.605761
0.504883 -1.655233 0.605761
0.504883 -1.655233 0.605761
0.504883 -1.655233 0.605761
0.504883 -1.647272 0.605761
0.504883 -1.647272 0.605761
0.504883 -1.638811 0.605761
0.504883 -1.628811 0.605761
0.504883 -1.620350 0.605761
0.504883 -1.620350 0.605761
0.504883 -1.620350 0.605761
0.504883 -1.620350 0.605761
0.504883 -1.620350 0.605761
0.504883 -1.620350 0.605761
0.504883 -1.620350 0.605761
0.504883 -1.610350 0.605761
0.504883 -1.610350 0.605761
0.504883 -1.610350 0.605761
0.504883 -1.600891 0.605761
0.504883 -1.590891 0.605761
0.504883 -1.581348 0.605761
0.504883 -1.571348 0.605761
0.504883 -1.562887 0.605761
0.504883 -1.552887 0.605761
0.504883 -1.552887 0.605761
0.504883 -1.550168 0.605761
0.504883 -1.550168 0.605761
0.504883 -1.550168 0.605761
0.504883 -1.550168 0.605761
0.504883 -1.550168 0.605761
0.504883 -1.550168 0.605761
0.504883 -1.550168 0.605761
0.504883 -1.550168 0.605761
0.504883 -1.550168 0.605761
0.504883 -1.550168 0.605761
0.504883 -1.550168 0.605761
0.504883 -1.550168 0.605761
0.504883 -1.550168 0.605761
0.504883 -1.550168 0.605761
0.504883 -1.550168 0.605761
0.504883 -1.550168 0.605761
0.504883 -1.550168 0.605761
0.504883 -1.550168 0.605761
0.504883 -1.550168 0.605761
0.504883 -1.550168 0.605761
0.504883 -1.550168 0.605761
0.504883 -1.550168 0.605761
0.504883 -1.550168 0.605761
0.504883 -1.550168 0.605761
0.504883 -1.550168 0.605761
0.504883 -1.550168 0.605761
0.504883 -1.550168 0.605761
0.504883 -1.550168 0.605761
0.504883 -1.550168 0.605761
0.504883 -1.550168 0.605761
0.504883 -1.550168 0.605761
0.504883 -1.550168 0.605761
0.504883 -1.550168 0.605761
