0.316040 -1.645600 0.626130
0.316040 -1.645600 0.626130
0.316040 -1.645600 0.626130
0.316040 -1.645600 0.626130
0.316040 -1.645600 0.626130
0.316040 -1.645600 0.626130
0.316040 -1.645600 0.626130
0.316040 -1.645600 0.626130
0.316040 -1.645600 0.626130
0.316040 -1.645600 0.626130
0.316040 -1.645600 0.626130
0.316040 -1.645600 0.626130
0.316040 -1.645600 0.626130
0.316040 -1.645600 0.626130
0.316040 -1.645600 0.626130
0.316040 -1.645600 0.626130
0.316040 -1.645600 0.626130
0.316040 -1.645600 0.626130
0.316040 -1.645600 0.626130
0.316040 -1.645600 0.626130
0.316040 -1.645600 0.626130
0.316040 -1.645600 0.626130
0.316040 -1.645600 0.626130
0.316040 -1.645600 0.626130
0.316040 -1.645600 0.626130
0.316040 -1.645600 0.626130
0.316040 -1.645600 0.626130
0.316040 -1.645600 0.626130
0.316040 -1.645600 0.626130
0.316040 -1.645600 0.626130
0.316040 -1.645600 0.626130
0.316040 -1.645600 0.626130
0.316040 -1.645600 0.626130
0.316040 -1.645600 0.626130
0.316040 -1.645600 0.626130
0.316040 -1.645600 0.626130
0.316040 -1.645600 0.626130
0.316040 -1.645600 0.626130
0.316040 -1.645600 0.626130
0.316040 -1.645600 0.626130
0.316040 -1.645600 0.626130
0.316040 -1.645600 0.626130
0.316040 -1.645600 0.626130
0.316040 -1.645600 0.626130
0.316040 -1.645600 0.626130
0.316040 -1.645600 0.626130
0.316040 -1.645600 0.626130
0.316040 -1.645600 0.626130
0.316040 -1.645600 0.626130
0.316040 -1.645600 0.626130
0.316040 -1.645600 0.626130
0.316040 -1.645600 0.626130
0.316040 -1.645600 0.626130
0.316040 -1.645600 0.626130
0.316040 -1.645600 0.626130
0.317178 -1.645600 0.626130
0.324641 -1.645600 0.626130
0.334641 -1.645600 0.626130
0.334641 -1.645600 0.626130
0.334641 -1.645600 0.626130
0.334641 -1.645600 0.626130
0.335530 -1.645600 0.626130
0.345530 -1.645600 0.626130
0.346502 -1.645600 0.626130
0.356502 -1.645600 0.626130
0.356808 -1.645600 0.626130
0.366808 -1.644878 0.626130
0.367697 -1.644878 0.626130
0.377697 -1.644878 0.626130
0.377697 -1.644878 0.626130
0.381165 -1.644878 0.626130
0.381165 -1.644878 0.626130
0.381165 -1.644878 0.626130
0.381165 -1.644878 0.626130
0.381165 -1.644878 0.626420
0.381165 -1.644878 0.630481
0.381165 -1.644878 0.637207
0.381165 -1.644878 0.647207
0.381165 -1.644878 0.655011
0.381165 -1.644878 0.658492
0.381165 -1.644878 0.668492
0.381165 -1.644878 0.678492
0.381165 -1.644878 0.678492
0.381165 -1.644878 0.678492
0.381165 -1.644878 0.678492
0.381165 -1.644878 0.678492
0.381165 -1.644878 0.678492
0.381165 -1.644878 0.678492
0.381165 -1.644878 0.678492
0.383385 -1.644878 0.678492
0.391846 -1.644878 0.678492
0.401846 -1.644878 0.678492
0.401846 -1.644878 0.678492
0.410307 -1.644878 0.678492
0.412527 -1.644878 0.678492
0.422527 -1.644878 0.678492
0.432527 -1.644878 0.678492
0.432527 -1.644878 0.678492
0.442319 -1.644878 0.678492
0.442319 -1.644878 0.678492
0.442319 -1.644878 0.678492
0.448950 -1.644322 0.678492
0.458950 -1.644322 0.678492
0.465164 -1.642601 0.678492
0.475164 -1.643489 0.678492
0.485164 -1.643489 0.678492
0.492377 -1.643489 0.678492
0.492377 -1.643489 0.678492
0.499007 -1.643489 0.678492
0.509007 -1.643711 0.678492
0.516053 -1.644017 0.678492
0.526053 -1.645321 0.678492
0.536053 -1.649205 0.678492
0.538856 -1.649205 0.678492
0.548856 -1.653505 0.678492
0.558856 -1.655891 0.678492
0.558856 -1.655891 0.678492
0.558856 -1.655891 0.678492
0.558856 -1.655891 0.678492
0.568856 -1.659774 0.678492
0.572075 -1.659774 0.678492
0.572075 -1.659774 0.678492
0.572075 -1.659774 0.678492
0.572075 -1.659774 0.678492
0.573213 -1.663658 0.678492
0.574351 -1.673616 0.678492
0.574351 -1.673616 0.678492
0.575573 -1.683616 0.678492
0.575573 -1.683616 0.678492
0.575573 -1.683616 0.678492
0.575573 -1.683616 0.678492
0.575573 -1.683616 0.678492
0.575573 -1.683616 0.678492
0.575573 -1.689663 0.678492
0.576462 -1.699663 0.678492
0.576462 -1.708373 0.678492
0.576462 -1.708373 0.678492
0.576462 -1.708373 0.678492
0.576462 -1.708373 0.678492
0.576462 -1.715918 0.678492
0.576462 -1.715918 0.678492
0.576462 -1.725918 0.678492
0.576462 -1.731133 0.678492
0.576462 -1.741133 0.678492
0.576462 -1.741133 0.678492
0.576462 -1.751133 0.678492
0.576462 -1.751133 0.678492
0.576462 -1.751133 0.678492
0.576462 -1.751133 0.678492
0.576462 -1.751133 0.678492
0.576462 -1.751133 0.678492
0.576462 -1.751133 0.678492
0.576462 -1.751133 0.678492
0.576462 -1.751133 0.678492
0.576462 -1.751133 0.678492
0.576462 -1.751133 0.678492
0.576462 -1.751133 0.678492
0.576462 -1.751133 0.678492
0.576462 -1.751133 0.678492
0.576462 -1.751133 0.678492
0.576462 -1.751133 0.678492
0.576462 -1.751133 0.678492
0.576462 -1.751133 0.678492
0.576462 -1.751133 0.678492
0.576462 -1.751133 0.678492
0.576462 -1.751133 0.678492
0.576462 -1.751133 0.678492
0.576462 -1.751133 0.678492
0.576462 -1.751133 0.678492
0.576462 -1.751133 0.678492
0.576462 -1.751133 0.678492
0.576462 -1.751133 0.678492
0.576462 -1.751133 0.678492
0.582510 -1.751133 0.678492
0.592510 -1.750161 0.678492
0.592510 -1.750161 0.678492
0.602510 -1.750161 0.678492
0.602510 -1.750161 0.678492
0.602510 -1.750161 0.678492
0.602510 -1.750161 0.678492
0.602510 -1.750161 0.678492
0.602510 -1.750161 0.678492
0.602510 -1.750161 0.678492
0.602510 -1.750161 0.678492
0.602510 -1.750161 0.678492
0.602510 -1.750161 0.678492
0.602510 -1.750161 0.678492
0.602510 -1.750161 0.678492
0.602510 -1.750161 0.678492
0.602510 -1.750161 0.678492
0.602510 -1.750161 0.678492
0.602510 -1.750161 0.678492
0.602510 -1.750161 0.678492
0.602510 -1.750161 0.678492
0.602510 -1.750161 0.678492
0.602510 -1.750161 0.678492
0.602510 -1.750161 0.678492
0.602510 -1.750161 0.678492
0.602510 -1.750161 0.678492
0.602510 -1.750161 0.678492
0.602510 -1.750161 0.678492
0.602510 -1.750161 0.678492
0.602510 -1.750161 0.678492
0.602510 -1.750161 0.678492
0.602510 -1.750161 0.678492
0.602510 -1.750161 0.678492
0.602510 -1.750161 0.678492
0.602510 -1.750161 0.678492
0.602510 -1.750161 0.678492
0.602510 -1.750161 0.678492
0.602510 -1.750161 0.678492
0.602510 -1.750161 0.678492
0.602510 -1.750161 0.678492
0.602510 -1.750161 0.678492
0.602510 -1.750161 0.678492
0.602510 -1.750161 0.678492
0.602510 -1.750161 0.678492
0.602510 -1.750161 0.678492
0.602510 -1.750161 0.678492
0.602510 -1.750161 0.678492
0.602510 -1.750161 0.678492
0.602510 -1.750161 0.678492
0.602510 -1.750161 0.678492
0.602510 -1.750161 0.678492
0.602510 -1.750161 0.678492
0.602510 -1.750161 0.678492
0.602510 -1.750161 0.678492
0.602510 -1.750161 0.678492
0.602510 -1.750161 0.678492
0.602510 -1.750161 0.678492
0.604480 -1.760161 0.678492
0.606700 -1.770161 0.678492
0.606700 -1.770161 0.678492
0.606700 -1.770161 0.678492
0.606700 -1.770161 0.678492
0.606700 -1.770161 0.678492
0.606700 -1.770161 0.678492
0.606700 -1.770161 0.678492
0.606700 -1.770161 0.678492
0.606700 -1.770161 0.678492
0.606700 -1.770161 0.678492
0.598656 -1.770161 0.678492
0.598656 -1.770161 0.678492
0.598656 -1.770161 0.678492
0.598656 -1.770161 0.678492
0.598656 -1.770161 0.678492
0.598656 -1.770161 0.678492
0.598656 -1.770161 0.678492
0.598656 -1.774711 0.678492
0.598656 -1.774711 0.678492
0.598656 -1.774711 0.678492
0.598656 -1.774711 0.678492
0.599545 -1.783670 0.678492
0.599545 -1.783670 0.678492
0.599545 -1.783670 0.678492
0.599545 -1.783670 0.678492
0.599545 -1.783670 0.678492
0.599545 -1.783670 0.678492
0.599545 -1.783670 0.678492
0.599545 -1.783670 0.678492
0.599545 -1.783670 0.678492
0.599545 -1.783670 0.678492
0.599545 -1.783670 0.678492
0.599545 -1.783670 0.678492
0.599545 -1.783670 0.672968
0.599545 -1.783670 0.663672
0.599545 -1.783670 0.653672
0.599545 -1.783670 0.653672
0.599545 -1.783670 0.653672
0.599545 -1.783670 0.653672
0.599545 -1.783670 0.653672
0.599545 -1.783670 0.646739
0.599545 -1.783670 0.646739
0.599545 -1.783670 0.646739
0.599545 -1.783670 0.646739
0.599545 -1.783670 0.643299
0.599545 -1.783670 0.634708
0.599545 -1.783670 0.634708
0.599545 -1.783670 0.634708
0.599545 -1.783670 0.634087
0.599545 -1.783670 0.632719
0.599545 -1.783670 0.632719
0.599545 -1.783670 0.632719
0.599545 -1.783670 0.632719
0.599545 -1.783670 0.632719
0.599545 -1.783670 0.632719
0.599545 -1.783670 0.632719
0.599545 -1.783670 0.632719
0.599545 -1.783670 0.632719
0.599545 -1.783670 0.632719
0.599545 -1.783670 0.632719
0.599545 -1.783670 0.632719
0.599545 -1.783670 0.632719
0.599545 -1.783670 0.632719
0.599545 -1.783670 0.632719
0.599545 -1.783670 0.632719
0.599545 -1.783670 0.632719
0.599545 -1.783670 0.632719
0.599545 -1.783670 0.632719
0.599545 -1.783670 0.632719
0.599545 -1.783670 0.632719
0.599545 -1.783670 0.632719
0.599545 -1.783670 0.632719
0.599545 -1.783670 0.632719
0.599545 -1.783670 0.632719
0.599545 -1.783670 0.632719
0.599545 -1.783670 0.632719
0.599545 -1.783670 0.632719
0.599545 -1.783670 0.632719
0.599545 -1.783670 0.632719
0.599545 -1.783670 0.632719
0.599545 -1.783670 0.632719
0.599545 -1.783670 0.632719
0.599545 -1.783670 0.632719
0.599545 -1.783670 0.632719
0.599545 -1.783670 0.632719
0.599545 -1.783670 0.632719
0.599545 -1.783670 0.632719
0.599545 -1.783670 0.632719
0.599545 -1.783670 0.632719
0.599545 -1.783670 0.632719
0.599545 -1.783670 0.632719
0.599545 -1.783670 0.632719
0.599545 -1.783670 0.632719
0.599545 -1.783670 0.632719
0.599545 -1.783670 0.632719
0.599545 -1.783670 0.626076
0.599545 -1.783670 0.624585
0.599545 -1.783670 0.624585
0.599545 -1.783670 0.619943
0.599545 -1.783670 0.609943
0.599545 -1.783670 0.609943
0.599545 -1.783670 0.604336
0.599545 -1.783670 0.594709
0.599545 -1.783670 0.594709
0.599545 -1.783670 0.594709
0.599545 -1.783670 0.594709
0.599545 -1.783670 0.594709
0.599545 -1.783670 0.594709
0.599545 -1.783670 0.594709
0.599545 -1.783670 0.594709
0.599545 -1.783670 0.594709
0.599545 -1.783670 0.594709
0.599545 -1.783670 0.594709
0.599545 -1.783670 0.594709
0.599545 -1.783670 0.594709
0.599545 -1.783670 0.594709
0.599545 -1.783670 0.594709
0.599545 -1.783670 0.594709
0.599545 -1.783670 0.594709
0.599545 -1.783670 0.594709
0.599545 -1.783670 0.594709
0.599545 -1.783670 0.594709
0.599545 -1.783670 0.594709
0.599545 -1.783670 0.594709
0.599545 -1.783670 0.594709
0.599545 -1.783670 0.594709
0.599545 -1.783670 0.594709
0.592832 -1.775625 0.594709
0.589281 -1.771658 0.594709
0.589281 -1.771658 0.594709
0.589281 -1.771658 0.594709
0.589281 -1.771658 0.594709
0.589281 -1.771658 0.594709
0.589281 -1.770686 0.594709
0.585563 -1.764138 0.594709
0.585563 -1.764138 0.594709
0.585563 -1.764138 0.594709
0.585563 -1.764138 0.594709
0.585563 -1.764138 0.594709
0.582012 -1.754138 0.594709
0.582012 -1.754138 0.594709
0.582012 -1.754138 0.594709
0.582012 -1.754138 0.594709
0.582012 -1.754138 0.594709
0.582012 -1.754138 0.594709
0.582012 -1.754138 0.594709
0.582012 -1.754138 0.594709
0.582012 -1.754138 0.594709
0.582012 -1.754138 0.594709
0.582012 -1.754138 0.594709
0.582012 -1.754138 0.594709
0.582012 -1.754138 0.594709
0.582012 -1.754138 0.594709
0.582012 -1.754138 0.594709
0.582012 -1.754138 0.594709
0.582012 -1.754138 0.594709
0.582012 -1.754138 0.594709
0.582012 -1.754138 0.594709
0.582012 -1.754138 0.594709
0.582012 -1.754138 0.594709
0.582012 -1.754138 0.594709
0.582012 -1.754138 0.594709
0.582012 -1.754138 0.594709
0.582012 -1.754138 0.594709
0.582012 -1.754138 0.594709
0.582012 -1.754138 0.594709
0.582012 -1.754138 0.594709
0.582012 -1.754138 0.594709
0.582012 -1.754138 0.594709
0.582012 -1.754138 0.594709
0.582012 -1.754138 0.594709
0.582012 -1.754138 0.594709
0.582012 -1.754138 0.594709
0.582012 -1.754138 0.594709
0.582012 -1.754138 0.594709
0.582012 -1.754138 0.594709
0.582012 -1.754138 0.594709
0.582012 -1.754138 0.594709
0.582012 -1.754138 0.594709
0.582012 -1.754138 0.594709
0.582012 -1.754138 0.594709
0.582012 -1.754138 0.594709
0.582012 -1.754138 0.594709
0.582012 -1.754138 0.594709
0.582012 -1.754138 0.594709
0.582012 -1.754138 0.594709
0.582012 -1.754138 0.594709
0.582012 -1.754138 0.594709
0.582012 -1.754138 0.594709
0.582012 -1.754138 0.594709
0.582012 -1.754138 0.594709
0.582012 -1.754138 0.594709
0.582012 -1.754138 0.594709
0.582012 -1.754138 0.594709
0.582012 -1.754138 0.594709
0.582012 -1.754138 0.594709
0.582012 -1.754138 0.594709
0.588226 -1.754138 0.594709
0.596687 -1.752667 0.594709
0.596687 -1.752667 0.594709
0.596687 -1.752667 0.594709
0.596687 -1.752667 0.594709
0.596687 -1.752667 0.594709
0.596687 -1.752667 0.594709
0.596687 -1.752667 0.594709
0.596687 -1.752667 0.594709
0.596687 -1.752667 0.594709
0.596687 -1.752667 0.594709
0.596687 -1.752667 0.594709
0.592471 -1.752667 0.594709
0.582679 -1.752667 0.594709
0.582679 -1.752667 0.594709
0.582679 -1.752667 0.594709
0.572679 -1.752667 0.594709
0.572679 -1.752667 0.594709
0.572679 -1.752667 0.594709
0.572679 -1.752667 0.594709
0.572679 -1.752667 0.594709
0.572679 -1.752667 0.594709
0.572679 -1.752667 0.594709
0.572679 -1.752667 0.594709
0.572679 -1.752667 0.594709
0.572679 -1.752667 0.594709
0.572679 -1.752667 0.594709
0.572679 -1.752667 0.594709
0.572679 -1.752667 0.594709
0.572679 -1.752667 0.594709
0.572679 -1.752667 0.594709
0.572679 -1.752667 0.594709
0.572679 -1.752667 0.594709
0.572679 -1.752667 0.594709
0.572679 -1.752667 0.594709
0.572679 -1.752667 0.594709
0.572679 -1.752667 0.594709
0.572679 -1.752667 0.594709
0.572679 -1.752667 0.594709
0.572679 -1.752667 0.594709
0.572679 -1.752667 0.594709
0.572679 -1.752667 0.594709
0.572679 -1.752667 0.594709
0.572679 -1.752667 0.594709
0.572679 -1.752667 0.594709
0.572679 -1.752667 0.594709
0.572679 -1.752667 0.594709
0.572679 -1.752667 0.594709
0.572679 -1.752667 0.594709
0.572679 -1.752667 0.594709
0.572679 -1.752667 0.594709
0.572679 -1.752667 0.594709
0.572679 -1.752667 0.594709
0.572679 -1.752667 0.594709
0.572679 -1.752667 0.594709
0.572679 -1.752667 0.594709
0.572679 -1.752667 0.594709
0.572679 -1.752667 0.594709
0.572679 -1.752667 0.594709
0.572679 -1.752667 0.594709
0.572679 -1.752667 0.594709
0.572679 -1.752667 0.594709
0.572679 -1.751695 0.594709
0.572679 -1.744149 0.594709
0.570709 -1.734149 0.594709
0.570709 -1.734149 0.594709
0.568989 -1.724149 0.594709
0.568989 -1.724149 0.594709
0.568989 -1.724149 0.594709
0.568989 -1.722845 0.594709
0.568267 -1.714633 0.594709
0.568267 -1.714633 0.594709
0.568267 -1.714633 0.594709
0.568267 -1.714633 0.594709
0.568267 -1.704633 0.594709
0.567879 -1.694633 0.594709
0.567157 -1.684633 0.594709
0.567157 -1.684633 0.594709
0.567157 -1.684633 0.594709
0.567157 -1.684633 0.594709
0.567157 -1.684633 0.594709
0.567157 -1.674633 0.594709
0.566934 -1.664633 0.594709
0.566934 -1.664633 0.594709
0.566934 -1.664633 0.594709
0.566934 -1.658918 0.594709
0.566934 -1.658918 0.594709
0.565381 -1.654618 0.594709
0.565381 -1.654618 0.594709
0.565381 -1.651816 0.594709
0.565381 -1.641816 0.594709
0.565381 -1.641816 0.594709
0.565381 -1.631816 0.594709
0.565381 -1.631816 0.594709
0.565381 -1.631816 0.594709
0.565381 -1.631759 0.594709
0.563660 -1.621759 0.594709
0.561857 -1.611759 0.594709
0.561857 -1.610038 0.594709
0.561857 -1.610038 0.594709
0.559887 -1.601494 0.594709
0.559887 -1.601494 0.594709
0.559887 -1.601494 0.594709
0.557252 -1.591494 0.594709
0.552786 -1.590189 0.594709
0.548735 -1.580189 0.594709
0.548735 -1.580189 0.594709
0.548735 -1.580189 0.594709
0.544269 -1.576471 0.594709
0.544269 -1.576471 0.594709
0.544269 -1.576471 0.594709
0.544269 -1.576471 0.594709
0.544269 -1.576471 0.594709
0.544269 -1.576471 0.594709
0.544269 -1.576471 0.594709
0.544269 -1.576471 0.594709
0.544269 -1.576471 0.594709
0.550067 -1.576414 0.594709
0.560067 -1.574610 0.594709
0.560067 -1.574610 0.594709
0.560067 -1.574610 0.594709
0.560067 -1.574610 0.594709
0.560067 -1.574610 0.594709
0.560067 -1.574610 0.594709
0.560067 -1.574610 0.594709
0.560067 -1.574610 0.594709
0.560067 -1.574610 0.594709
0.560067 -1.574610 0.594709
0.560067 -1.574610 0.594709
0.560067 -1.574610 0.594709
0.560067 -1.574610 0.594709
0.560067 -1.574610 0.594709
0.560067 -1.574610 0.594709
0.560067 -1.574610 0.594709
0.560067 -1.574610 0.594709
0.560067 -1.574610 0.594709
0.560067 -1.574610 0.594709
0.560067 -1.574610 0.594709
0.560067 -1.574610 0.594709
0.560067 -1.574610 0.594709
0.560067 -1.574610 0.594709
0.560067 -1.574610 0.594709
0.560067 -1.574610 0.594709
0.560067 -1.574610 0.594709
0.560067 -1.574610 0.594709
0.560067 -1.574610 0.594709
0.560067 -1.574610 0.594709
0.560067 -1.574610 0.594709
0.560067 -1.574610 0.594709
0.560067 -1.574610 0.594709
0.560067 -1.574610 0.594709
0.560067 -1.574610 0.594709
0.560067 -1.574610 0.594709
0.560067 -1.574610 0.594709
0.560067 -1.574610 0.594709
0.560067 -1.574610 0.594709
0.560067 -1.574610 0.594709
0.560067 -1.574610 0.594709
0.560067 -1.574610 0.594709
0.560067 -1.574610 0.594709
0.560067 -1.574610 0.594709
0.560067 -1.574610 0.594709
0.560067 -1.574610 0.594709
0.560067 -1.574610 0.594709
0.560067 -1.574610 0.594709
0.560067 -1.574610 0.594709
0.560067 -1.574610 0.594709
0.560067 -1.574610 0.594709
0.560067 -1.574610 0.594709
0.560067 -1.574610 0.594709
0.560067 -1.574610 0.594709
0.560067 -1.574610 0.594709
0.560067 -1.574610 0.594709
0.560067 -1.574610 0.594709
0.560067 -1.574610 0.594709
0.560067 -1.574610 0.594709
0.560067 -1.574610 0.594709
0.560067 -1.574610 0.594709
0.560067 -1.574610 0.594709
0.560067 -1.574610 0.594709
0.560067 -1.574610 0.594709
0.560067 -1.574610 0.594709
0.560067 -1.574610 0.594709
0.560067 -1.574610 0.594709
0.560067 -1.574610 0.594709
0.560067 -1.574610 0.594709
0.560067 -1.574610 0.594709
0.560067 -1.574610 0.594709
0.560067 -1.574610 0.594709
0.560067 -1.574610 0.594709
0.560067 -1.574610 0.594709
0.560067 -1.574610 0.594709
0.560067 -1.574610 0.594709
0.560067 -1.574610 0.594709
0.560067 -1.574610 0.594709
0.560067 -1.574610 0.594709
0.560067 -1.574610 0.594709
0.560067 -1.574610 0.594709
0.560067 -1.574610 0.594709
0.560067 -1.574610 0.594709
0.560067 -1.574610 0.594709
0.560067 -1.574610 0.594709
0.560067 -1.574610 0.594709
0.560067 -1.574610 0.594709
0.560067 -1.574610 0.594709
0.560067 -1.574610 0.594709
0.560067 -1.574610 0.594709
0.560067 -1.574610 0.594709
0.560067 -1.574610 0.594709
0.560067 -1.574610 0.594709
0.560067 -1.574610 0.594709
0.560067 -1.574610 0.594709
0.560067 -1.574610 0.594709
0.560067 -1.574610 0.594709
0.560067 -1.574610 0.594709
0.560067 -1.574610 0.594709
0.560067 -1.574610 0.594709
0.560067 -1.574610 0.594709
0.560067 -1.574610 0.594709
