0.316040 -1.645600 0.626130
0.316040 -1.645600 0.626130
0.316040 -1.645600 0.626130
0.316040 -1.645600 0.626130
0.316040 -1.645600 0.626130
0.316040 -1.645600 0.626130
0.316040 -1.645600 0.626130
0.316040 -1.645600 0.626130
0.316040 -1.645600 0.626130
0.316040 -1.645600 0.626130
0.316040 -1.645600 0.626130
0.316040 -1.645600 0.626130
0.316040 -1.645600 0.626130
0.319009 -1.645600 0.626130
0.329009 -1.645600 0.626130
0.329009 -1.645600 0.626130
0.339009 -1.645600 0.626130
0.349009 -1.645127 0.626130
0.349009 -1.645127 0.626130
0.349009 -1.645127 0.626130
0.349009 -1.645127 0.626130
0.349009 -1.645127 0.626130
0.349009 -1.645127 0.626130
0.349009 -1.645127 0.626130
0.349009 -1.645127 0.626130
0.349009 -1.645127 0.626130
0.349009 -1.645127 0.626130
0.349009 -1.645127 0.626130
0.349009 -1.645127 0.626130
0.349009 -1.645127 0.626130
0.349009 -1.645127 0.626130
0.349009 -1.645127 0.626130
0.349009 -1.645127 0.626130
0.349009 -1.645127 0.626130
0.349009 -1.645127 0.626130
0.349009 -1.645127 0.626130
0.349009 -1.645127 0.626130
0.349009 -1.645127 0.626130
0.349009 -1.645127 0.626130
0.349009 -1.645127 0.626130
0.349009 -1.645127 0.626130
0.349009 -1.645127 0.626130
0.349009 -1.645127 0.626130
0.349009 -1.645127 0.626130
0.349009 -1.645127 0.626130
0.349009 -1.645127 0.626130
0.349009 -1.645127 0.626130
0.349009 -1.645127 0.626130
0.349009 -1.645127 0.626130
0.349009 -1.645127 0.626130
0.349009 -1.645127 0.626130
0.349009 -1.645127 0.626130
0.349009 -1.645127 0.626130
0.349009 -1.645127 0.626130
0.349009 -1.645127 0.626130
0.349009 -1.645127 0.626130
0.349009 -1.645127 0.626130
0.349009 -1.645127 0.626130
0.349009 -1.645127 0.626130
0.349009 -1.645127 0.626130
0.349009 -1.645127 0.626130
0.349009 -1.645127 0.626130
0.349009 -1.645127 0.626130
0.349009 -1.645127 0.626130
0.349009 -1.645127 0.626130
0.349009 -1.645127 0.626130
0.349009 -1.645127 0.626130
0.349009 -1.645127 0.626130
0.349009 -1.645127 0.626130
0.349009 -1.645127 0.626130
0.349009 -1.645127 0.626130
0.349009 -1.645127 0.626130
0.349009 -1.645127 0.626130
0.349009 -1.645127 0.626130
0.349009 -1.645127 0.626130
0.349009 -1.645127 0.626130
0.349009 -1.645127 0.626130
0.349009 -1.645127 0.626130
0.349009 -1.645127 0.626130
0.349009 -1.645127 0.626130
0.349009 -1.645127 0.626130
0.349009 -1.645127 0.626130
0.349009 -1.645127 0.626130
0.349009 -1.645127 0.626130
0.349009 -1.645127 0.626130
0.349009 -1.645127 0.626130
0.349009 -1.645127 0.626130
0.349009 -1.645127 0.626130
0.349009 -1.645127 0.626130
0.349009 -1.645127 0.626130
0.349009 -1.645127 0.626130
0.349009 -1.645127 0.626130
0.349009 -1.645127 0.626130
0.349009 -1.645127 0.626130
0.349009 -1.645127 0.626130
0.349009 -1.645127 0.626130
0.349009 -1.645127 0.626130
0.349009 -1.645127 0.626130
0.349009 -1.645127 0.626130
0.349009 -1.645127 0.626130
0.349009 -1.645127 0.626130
0.349009 -1.645127 0.626130
0.349009 -1.645127 0.626130
0.349009 -1.645127 0.626130
0.349009 -1.645127 0.626130
0.349009 -1.645127 0.626130
0.349009 -1.645127 0.626130
0.349009 -1.645127 0.626130
0.349009 -1.645127 0.626130
0.349009 -1.647347 0.626130
0.349009 -1.651480 0.626130
0.349009 -1.657610 0.626130
0.349009 -1.666071 0.626130
0.349009 -1.676071 0.626130
0.349009 -1.676071 0.626130
0.349009 -1.676071 0.626130
0.349009 -1.676071 0.626130
0.349009 -1.684032 0.626130
0.349009 -1.684032 0.626130
0.349009 -1.694032 0.626130
0.349009 -1.694032 0.626130
0.348786 -1.701660 0.626130
0.348786 -1.711660 0.626130
0.348786 -1.720120 0.626130
0.348786 -1.730120 0.626130
0.348786 -1.736417 0.626130
0.349342 -1.740384 0.626130
0.348537 -1.750384 0.626130
0.347566 -1.760384 0.626130
0.347566 -1.760384 0.626130
0.347566 -1.768511 0.626130
0.346761 -1.778511 0.626130
0.346761 -1.778567 0.626130
0.346761 -1.788567 0.626130
0.340464 -1.797943 0.626130
0.340464 -1.797943 0.626130
0.341686 -1.797943 0.626130
0.341686 -1.807943 0.626130
0.341686 -1.816320 0.626130
0.341686 -1.826320 0.626130
0.342159 -1.836320 0.626130
0.342159 -1.845945 0.626130
0.342159 -1.845945 0.626130
0.342159 -1.845945 0.626130
0.342216 -1.845945 0.626130
0.347514 -1.845945 0.626130
0.354977 -1.845945 0.626130
0.364977 -1.845945 0.626130
0.364977 -1.845945 0.626130
0.364977 -1.845945 0.626130
0.374977 -1.842726 0.626130
0.381857 -1.842253 0.626130
0.381857 -1.842253 0.626130
0.381857 -1.842253 0.626130
0.391857 -1.838452 0.626130
0.400817 -1.836648 0.626130
0.400817 -1.836648 0.626130
0.400817 -1.836648 0.626130
0.400817 -1.836648 0.626130
0.400817 -1.836648 0.626130
0.401290 -1.842945 0.626130
0.402428 -1.852945 0.626130
0.404066 -1.857494 0.626130
0.404788 -1.859880 0.626130
0.409505 -1.869880 0.626130
0.412141 -1.869880 0.626130
0.412141 -1.869880 0.626130
0.412141 -1.869880 0.626130
0.412141 -1.869880 0.626130
0.421434 -1.876676 0.626130
0.428730 -1.885386 0.626130
0.428730 -1.885386 0.626130
0.428730 -1.885386 0.626130
0.438730 -1.883332 0.626130
0.438730 -1.883332 0.626130
0.439286 -1.883332 0.626130
0.441339 -1.883332 0.626130
0.451339 -1.883332 0.626130
0.451339 -1.883332 0.626130
0.451339 -1.883332 0.626130
0.451339 -1.883332 0.626130
0.451339 -1.883332 0.626130
0.451339 -1.883332 0.626130
0.451339 -1.883332 0.626130
0.451339 -1.883332 0.626130
0.451339 -1.883332 0.626130
0.451339 -1.883332 0.626130
0.451339 -1.883332 0.626130
0.451339 -1.883332 0.626130
0.451339 -1.883332 0.626130
0.451339 -1.883332 0.626130
0.451339 -1.883332 0.626130
0.451339 -1.883332 0.626130
0.451339 -1.883332 0.626130
0.451339 -1.883332 0.626130
0.451339 -1.883332 0.626130
0.451339 -1.883332 0.626130
0.451339 -1.883332 0.626130
0.451339 -1.883332 0.626130
0.451339 -1.883332 0.626130
0.451339 -1.883332 0.626130
0.451339 -1.883332 0.626130
0.451339 -1.883332 0.626130
0.451339 -1.883332 0.626130
0.451339 -1.883332 0.626130
0.451339 -1.883332 0.626130
0.451339 -1.883332 0.626130
0.451339 -1.883332 0.626130
0.451339 -1.883332 0.626130
0.451339 -1.883332 0.626130
0.451339 -1.883332 0.626130
0.451339 -1.883332 0.626130
0.451339 -1.883332 0.626130
0.451339 -1.883332 0.626130
0.451339 -1.883332 0.626130
0.451339 -1.883332 0.626130
0.451339 -1.883332 0.626130
0.451339 -1.883332 0.626130
0.451339 -1.883332 0.626130
0.451339 -1.883332 0.626130
0.451339 -1.883332 0.626130
0.451339 -1.883332 0.626130
0.451339 -1.883332 0.626130
0.451339 -1.883332 0.626130
0.451339 -1.883332 0.626130
0.451339 -1.883332 0.626130
0.459384 -1.883332 0.626130
0.469384 -1.883026 0.626130
0.469384 -1.883026 0.626130
0.479384 -1.882220 0.626130
0.479384 -1.882220 0.626130
0.479384 -1.882220 0.626130
0.481022 -1.882220 0.626130
0.491022 -1.881498 0.626130
0.491022 -1.881498 0.626130
0.501022 -1.880942 0.626130
0.501022 -1.880942 0.626130
0.511022 -1.879221 0.626130
0.511022 -1.879221 0.626130
0.521022 -1.877417 0.626130
0.521022 -1.877417 0.626130
0.531022 -1.875447 0.626130
0.531022 -1.875447 0.626130
0.531022 -1.875447 0.626130
0.540564 -1.875141 0.626130
0.540564 -1.875141 0.626130
0.550564 -1.874585 0.626130
0.554033 -1.874585 0.626130
0.561745 -1.874278 0.626130
0.560274 -1.874278 0.626130
0.568985 -1.873306 0.626130
0.568985 -1.873306 0.626130
0.577446 -1.873306 0.626130
0.575975 -1.873306 0.626130
0.579027 -1.873306 0.626130
0.589027 -1.871835 0.626130
0.591414 -1.871835 0.626130
0.600291 -1.870530 0.626130
0.601928 -1.870530 0.626130
0.611305 -1.868809 0.626130
0.611305 -1.868809 0.626130
0.611305 -1.868809 0.626130
0.611305 -1.868809 0.626130
0.611305 -1.868809 0.626130
0.611305 -1.868809 0.626130
0.611305 -1.868809 0.626130
0.611305 -1.868809 0.626130
0.611305 -1.868809 0.626130
0.611305 -1.868809 0.626130
0.611305 -1.868809 0.626130
0.611305 -1.868809 0.626130
0.611305 -1.868809 0.626130
0.611305 -1.868809 0.626130
0.611305 -1.868809 0.626130
0.611305 -1.868809 0.626130
0.611305 -1.868809 0.626130
0.611305 -1.868809 0.626130
0.611305 -1.868809 0.626130
0.611305 -1.868809 0.624017
0.611305 -1.868809 0.619500
0.611305 -1.868809 0.619500
0.611305 -1.868809 0.614500
0.611305 -1.868809 0.614500
0.611305 -1.868809 0.614500
0.611305 -1.868809 0.614500
0.611305 -1.868809 0.614500
0.611305 -1.868809 0.614500
0.611305 -1.868809 0.609500
0.611305 -1.868809 0.609500
0.611305 -1.868809 0.609500
0.611305 -1.868809 0.609500
0.611305 -1.868809 0.609500
0.611305 -1.868809 0.609500
0.611305 -1.868809 0.609500
0.611305 -1.868809 0.609500
0.611305 -1.868753 0.609500
0.611305 -1.865784 0.609500
0.611305 -1.858238 0.609500
0.611305 -1.848238 0.609500
0.611305 -1.848238 0.609500
0.611305 -1.848238 0.609500
0.611305 -1.848238 0.609500
0.611305 -1.848238 0.609500
0.611305 -1.838238 0.609500
0.611305 -1.838238 0.609500
0.611305 -1.838238 0.609500
0.611305 -1.833522 0.609500
0.611305 -1.823522 0.609500
0.611305 -1.823522 0.609500
0.611305 -1.823522 0.609500
0.611305 -1.822300 0.609500
0.611305 -1.812300 0.609500
0.611305 -1.804338 0.609500
0.611305 -1.804338 0.609500
0.611305 -1.804338 0.609500
0.612526 -1.794338 0.609500
0.612526 -1.788124 0.609500
0.612526 -1.788124 0.609500
0.612526 -1.784573 0.609500
0.614164 -1.774573 0.609500
0.614164 -1.769607 0.609500
0.614164 -1.769607 0.609500
0.614304 -1.763393 0.609500
0.616524 -1.755681 0.609500
0.616524 -1.755681 0.609500
0.616524 -1.755681 0.609500
0.616524 -1.755681 0.609500
0.616524 -1.755681 0.609500
0.616524 -1.755681 0.609500
0.616524 -1.755681 0.609500
0.616524 -1.755681 0.609500
0.616524 -1.755681 0.609500
0.616524 -1.755681 0.609500
0.616524 -1.755681 0.609500
0.616524 -1.755681 0.609500
0.618161 -1.755681 0.609500
0.628161 -1.755624 0.609500
0.630548 -1.755624 0.609500
0.630548 -1.755624 0.609500
0.630548 -1.755624 0.609500
0.630548 -1.755624 0.609500
0.630548 -1.755624 0.609500
0.630548 -1.755624 0.609500
0.622088 -1.755680 0.609500
0.622088 -1.755680 0.609500
0.612088 -1.755680 0.609500
0.603294 -1.755680 0.609500
0.593294 -1.756485 0.609500
0.583294 -1.756485 0.609500
0.583294 -1.756485 0.609500
0.583294 -1.756485 0.609500
0.583294 -1.756485 0.609500
0.583294 -1.756485 0.609500
0.583294 -1.756485 0.609500
0.584266 -1.746485 0.609500
0.584266 -1.746485 0.609500
0.584266 -1.746485 0.609500
0.584266 -1.746485 0.609500
0.584266 -1.744514 0.609500
0.587901 -1.734514 0.609500
0.587901 -1.734514 0.609500
0.588790 -1.729964 0.609500
0.588790 -1.729964 0.609500
0.588790 -1.729658 0.609500
0.593340 -1.719699 0.609500
0.597890 -1.709699 0.609500
0.597890 -1.709699 0.609500
0.597890 -1.709227 0.609500
0.597890 -1.709227 0.609500
0.597890 -1.709227 0.609500
0.597890 -1.709227 0.609500
0.587890 -1.709227 0.609500
0.577890 -1.709227 0.609500
0.577890 -1.709227 0.609500
0.577890 -1.709227 0.609500
0.574173 -1.709227 0.609500
0.564173 -1.709616 0.609500
0.554173 -1.709616 0.609500
0.554173 -1.709616 0.609500
0.554173 -1.709616 0.609500
0.552369 -1.709616 0.609500
0.542369 -1.709616 0.609500
0.540316 -1.709616 0.609500
0.540316 -1.709616 0.609500
0.540316 -1.709616 0.609500
0.540316 -1.709616 0.609500
0.540316 -1.709616 0.609500
0.540316 -1.709616 0.609500
0.540316 -1.706647 0.609500
0.540456 -1.696647 0.609500
0.540456 -1.687687 0.609500
0.540456 -1.687687 0.609500
0.540456 -1.685966 0.609500
0.542094 -1.675966 0.609500
0.542094 -1.672248 0.609500
0.542650 -1.662248 0.609500
0.542650 -1.660194 0.609500
0.542956 -1.650194 0.609500
0.542956 -1.644230 0.609500
0.542956 -1.635270 0.609500
0.542956 -1.628057 0.609500
0.542956 -1.618514 0.609500
0.542956 -1.608514 0.609500
0.542956 -1.608514 0.609500
0.542956 -1.608514 0.609500
0.542956 -1.608514 0.609500
0.542956 -1.604047 0.609500
0.542956 -1.604047 0.609500
0.542956 -1.604047 0.609500
0.542956 -1.604047 0.609500
0.542956 -1.604047 0.609500
0.542956 -1.604047 0.609500
0.542956 -1.604047 0.609500
0.542956 -1.604047 0.609500
0.542956 -1.604047 0.609500
0.542956 -1.604047 0.609500
0.542956 -1.604047 0.609500
0.542956 -1.604047 0.609500
0.542956 -1.604047 0.609500
0.542956 -1.604047 0.609500
0.542956 -1.604047 0.609500
0.542956 -1.604047 0.609500
0.542956 -1.604047 0.609500
0.542956 -1.604047 0.609500
0.542956 -1.604047 0.609500
0.542956 -1.604047 0.609500
0.542956 -1.604047 0.609500
0.542956 -1.604047 0.609500
0.542956 -1.604047 0.609500
0.542956 -1.604047 0.609500
0.542956 -1.604047 0.609500
0.542956 -1.604047 0.609500
0.542956 -1.604047 0.609500
0.542956 -1.604047 0.609500
0.542956 -1.604047 0.609500
0.542956 -1.604047 0.609500
0.542956 -1.604047 0.609500
0.542956 -1.604047 0.609500
0.542956 -1.604047 0.609500
0.542956 -1.604047 0.609500
0.542956 -1.604047 0.609500
0.542956 -1.604047 0.609500
0.542956 -1.604047 0.609500
0.542956 -1.604047 0.609500
0.542956 -1.604047 0.609500
0.542956 -1.604047 0.609500
0.542956 -1.604047 0.609500
0.542956 -1.604047 0.609500
0.542956 -1.604047 0.609500
0.542956 -1.604047 0.609500
0.542956 -1.604047 0.609500
0.542956 -1.604047 0.609500
0.542956 -1.604047 0.609500
0.542956 -1.604047 0.609500
0.542956 -1.604047 0.609500
0.542956 -1.604047 0.609500
0.542956 -1.604047 0.609500
0.542956 -1.604047 0.609500
0.542956 -1.604047 0.609500
0.542956 -1.604047 0.609500
0.542956 -1.604047 0.609500
0.542956 -1.604047 0.609500
0.542956 -1.604047 0.609500
0.542956 -1.604047 0.609500
0.542956 -1.604047 0.609500
0.542956 -1.604047 0.609500
0.542956 -1.604047 0.609500
0.542956 -1.604047 0.609500
0.542956 -1.604047 0.609500
0.542956 -1.604047 0.609500
0.542956 -1.604047 0.609500
0.542956 -1.604047 0.609500
0.542956 -1.604047 0.609500
0.542956 -1.604047 0.609500
0.542956 -1.604047 0.609500
0.542956 -1.604047 0.609500
0.542956 -1.604047 0.609500
