0.316231 -1.645617 0.626198
0.316231 -1.645617 0.626198
0.316231 -1.645617 0.626198
0.316231 -1.645617 0.626198
0.316231 -1.645617 0.626198
0.316231 -1.645617 0.626198
0.316231 -1.645617 0.626198
0.316231 -1.645617 0.626198
0.316231 -1.645617 0.626198
0.316231 -1.645617 0.626198
0.316231 -1.645617 0.626198
0.316231 -1.645617 0.626198
0.316231 -1.645617 0.626198
0.316231 -1.645617 0.626198
0.316231 -1.645617 0.626198
0.316231 -1.645617 0.626198
0.316231 -1.645617 0.626198
0.316231 -1.645617 0.626198
0.316231 -1.645617 0.626198
0.316231 -1.645617 0.626198
0.316231 -1.645617 0.626198
0.316231 -1.645617 0.626198
0.316231 -1.645617 0.626198
0.316231 -1.645617 0.626198
0.316231 -1.645617 0.626198
0.316231 -1.645617 0.626198
0.316231 -1.645617 0.626198
0.316231 -1.645617 0.626198
0.316231 -1.645617 0.626198
0.316231 -1.645617 0.626198
0.316231 -1.645617 0.626198
0.316231 -1.645617 0.626198
0.316231 -1.645617 0.626198
0.316231 -1.645617 0.626198
0.316231 -1.645617 0.626198
0.316231 -1.645617 0.626198
0.316231 -1.645617 0.626198
0.316231 -1.645617 0.626198
0.316231 -1.645617 0.626198
0.316231 -1.645617 0.626198
0.316231 -1.645617 0.626198
0.316231 -1.645617 0.626198
0.316231 -1.645617 0.626198
0.316231 -1.645617 0.626198
0.316231 -1.645617 0.626198
0.316231 -1.645617 0.626198
0.316231 -1.645617 0.626198
0.316231 -1.645617 0.626198
0.316231 -1.645617 0.626198
0.316231 -1.645617 0.626198
0.316231 -1.645617 0.626198
0.316231 -1.645617 0.626198
0.316231 -1.645617 0.626198
0.316231 -1.645617 0.626198
0.316231 -1.645617 0.626198
0.328464 -1.643933 0.633648
0.377309 -1.637206 0.661451
0.402092 -1.633817 0.683344
0.426379 -1.630463 0.694248
0.432360 -1.629631 0.694976
0.437397 -1.628933 0.696748
0.455883 -1.626399 0.710921
0.473154 -1.624018 0.720143
0.479406 -1.623167 0.726865
0.485388 -1.622335 0.727593
0.496677 -1.620786 0.736087
0.496677 -1.620786 0.736087
0.502658 -1.619954 0.736815
0.502658 -1.619954 0.736815
0.502658 -1.619954 0.736815
0.502658 -1.619954 0.736815
0.507921 -1.619241 0.743582
0.507921 -1.619241 0.743582
0.507921 -1.619241 0.743582
0.513722 -1.618421 0.740315
0.519658 -1.617592 0.740044
0.525685 -1.616757 0.741771
0.531215 -1.615956 0.732509
0.542726 -1.614323 0.723976
0.542501 -1.614338 0.718981
0.542501 -1.614338 0.718981
0.542501 -1.614338 0.718981
0.542501 -1.614338 0.718981
0.542501 -1.614338 0.718981
0.542501 -1.614338 0.718981
0.548437 -1.613509 0.718710
0.548437 -1.613509 0.718710
0.548256 -1.613522 0.714714
0.548256 -1.613522 0.714714
0.548256 -1.613522 0.714714
0.548256 -1.613522 0.714714
0.548256 -1.613522 0.714714
0.548256 -1.613522 0.714714
0.548256 -1.613522 0.714714
0.548256 -1.613522 0.714714
0.548256 -1.613522 0.714714
0.548256 -1.613522 0.714714
0.548256 -1.613522 0.714714
0.548256 -1.613522 0.714714
0.548256 -1.613522 0.714714
0.548256 -1.613522 0.714714
0.548256 -1.613522 0.714714
0.548256 -1.613522 0.714714
0.548256 -1.613522 0.714714
0.548256 -1.613522 0.714714
0.548256 -1.613522 0.714714
0.548256 -1.613522 0.714714
0.548256 -1.613522 0.714714
0.548256 -1.613522 0.714714
0.548256 -1.613522 0.714714
0.548256 -1.613522 0.714714
0.548256 -1.613522 0.714714
0.548256 -1.613522 0.714714
0.548256 -1.613522 0.714714
0.548256 -1.613522 0.714714
0.548256 -1.613522 0.714714
0.548256 -1.613522 0.714714
0.548256 -1.613522 0.714714
0.548256 -1.613522 0.714714
0.548256 -1.613522 0.714714
0.548256 -1.613522 0.714714
0.548256 -1.613522 0.714714
0.548256 -1.613522 0.714714
0.548256 -1.613522 0.714714
0.548256 -1.613522 0.714714
0.548256 -1.613522 0.714714
0.548256 -1.613522 0.714714
0.548256 -1.613522 0.714714
0.548256 -1.613522 0.714714
0.548256 -1.613522 0.714714
0.548256 -1.613522 0.714714
0.548256 -1.613522 0.714714
0.548256 -1.613522 0.714714
0.548256 -1.613522 0.714714
0.548256 -1.613522 0.714714
0.548256 -1.613522 0.714714
0.548256 -1.613522 0.714714
0.548256 -1.613522 0.714714
0.548256 -1.613522 0.714714
0.548256 -1.613522 0.714714
0.548256 -1.613522 0.714714
0.548256 -1.613522 0.714714
0.548256 -1.613522 0.714714
0.548256 -1.613522 0.714714
0.548256 -1.613522 0.714714
0.548256 -1.613522 0.714714
0.548256 -1.613522 0.714714
0.548256 -1.613522 0.714714
0.548256 -1.613522 0.714714
0.548256 -1.613522 0.714714
0.548256 -1.613522 0.714714
0.548256 -1.613522 0.714714
0.548256 -1.613522 0.714714
0.548256 -1.613522 0.714714
0.548256 -1.613522 0.714714
0.548256 -1.613522 0.714714
0.548256 -1.613522 0.714714
0.548256 -1.613522 0.714714
0.548256 -1.613522 0.714714
0.548256 -1.613522 0.714714
0.548256 -1.613522 0.714714
0.548256 -1.613522 0.714714
0.548256 -1.613522 0.714714
0.548256 -1.613522 0.714714
0.548256 -1.613522 0.714714
0.548256 -1.613522 0.714714
0.548256 -1.613522 0.714714
0.548256 -1.613522 0.714714
0.548256 -1.613522 0.714714
0.548256 -1.613522 0.714714
0.548256 -1.613522 0.714714
0.548256 -1.613522 0.714714
0.548256 -1.613522 0.714714
0.548256 -1.613522 0.714714
0.548256 -1.613522 0.714714
0.548256 -1.613522 0.714714
0.548256 -1.613522 0.714714
0.548256 -1.613522 0.714714
0.548256 -1.613522 0.714714
0.548256 -1.613522 0.714714
0.548256 -1.613522 0.714714
0.548256 -1.613522 0.714714
0.548256 -1.613522 0.714714
0.548256 -1.613522 0.714714
0.548256 -1.613522 0.714714
0.548256 -1.613522 0.714714
0.548256 -1.613522 0.714714
0.548256 -1.613522 0.714714
0.548256 -1.613522 0.714714
0.548256 -1.613522 0.714714
0.548256 -1.613522 0.714714
0.548256 -1.613522 0.714714
0.548256 -1.613522 0.714714
0.548256 -1.613522 0.714714
0.548256 -1.613522 0.714714
0.548256 -1.613522 0.714714
0.548256 -1.613522 0.714714
0.548256 -1.613522 0.714714
0.548256 -1.613522 0.714714
0.548256 -1.613522 0.714714
0.548256 -1.613522 0.714714
0.548256 -1.613522 0.714714
0.548256 -1.613522 0.714714
0.548256 -1.613522 0.714714
0.548256 -1.613522 0.714714
0.548256 -1.613522 0.714714
0.548256 -1.613522 0.714714
0.548256 -1.613522 0.714714
0.548256 -1.613522 0.714714
0.548256 -1.613522 0.714714
0.548256 -1.613522 0.714714
0.548256 -1.613522 0.714714
0.548256 -1.613522 0.714714
0.548256 -1.613522 0.714714
0.548256 -1.613522 0.714714
0.548256 -1.613522 0.714714
0.548256 -1.613522 0.714714
0.548256 -1.613522 0.714714
0.548256 -1.613522 0.714714
0.548256 -1.613522 0.714714
0.548256 -1.613522 0.714714
0.548256 -1.613522 0.714714
0.548256 -1.613522 0.714714
0.548256 -1.613522 0.714714
0.548256 -1.613522 0.714714
0.548256 -1.613522 0.714714
0.548256 -1.613522 0.714714
0.548256 -1.613522 0.714714
0.548256 -1.613522 0.714714
0.548256 -1.613522 0.714714
0.548256 -1.613522 0.714714
0.548256 -1.613522 0.714714
0.548256 -1.613522 0.714714
0.548256 -1.613522 0.714714
0.548256 -1.613522 0.714714
0.548256 -1.613522 0.714714
0.548256 -1.613522 0.714714
0.548256 -1.613522 0.714714
0.548256 -1.613522 0.714714
0.548256 -1.613522 0.714714
0.548256 -1.613522 0.714714
0.548256 -1.613522 0.714714
0.548256 -1.613522 0.714714
0.548256 -1.613522 0.714714
0.548256 -1.613522 0.714714
0.548256 -1.613522 0.714714
0.548256 -1.613522 0.714714
0.548256 -1.613522 0.714714
0.548256 -1.613522 0.714714
0.548256 -1.613522 0.714714
0.548256 -1.613522 0.714714
0.548256 -1.613522 0.714714
0.548256 -1.613522 0.714714
0.548256 -1.613522 0.714714
0.548256 -1.613522 0.714714
0.548256 -1.613522 0.714714
0.548256 -1.613522 0.714714
0.548256 -1.613522 0.714714
0.548256 -1.613522 0.714714
0.548256 -1.613522 0.714714
0.548256 -1.613522 0.714714
0.548256 -1.613522 0.714714
0.548256 -1.613522 0.714714
0.548256 -1.613522 0.714714
0.548256 -1.613522 0.714714
0.548256 -1.613522 0.714714
0.548256 -1.613522 0.714714
0.548256 -1.613522 0.714714
0.548256 -1.613522 0.714714
0.548256 -1.613522 0.714714
0.548256 -1.613522 0.714714
0.548256 -1.613522 0.714714
0.548256 -1.613522 0.714714
0.548256 -1.613522 0.714714
0.548256 -1.613522 0.714714
0.548256 -1.613522 0.714714
0.548256 -1.613522 0.714714
0.548256 -1.613522 0.714714
0.548256 -1.613522 0.714714
0.548256 -1.613522 0.714714
0.548256 -1.613522 0.714714
0.548256 -1.613522 0.714714
0.548256 -1.613522 0.714714
0.548256 -1.613522 0.714714
0.548256 -1.613522 0.714714
0.548256 -1.613522 0.714714
0.548256 -1.613522 0.714714
0.548256 -1.613522 0.714714
0.548256 -1.613522 0.714714
0.548256 -1.613522 0.714714
0.548256 -1.613522 0.714714
0.548256 -1.613522 0.714714
0.548256 -1.613522 0.714714
0.548256 -1.613522 0.714714
0.548256 -1.613522 0.714714
0.548256 -1.613522 0.714714
0.548256 -1.613522 0.714714
0.548256 -1.613522 0.714714
0.548256 -1.613522 0.714714
0.548256 -1.613522 0.714714
0.548256 -1.613522 0.714714
0.548256 -1.613522 0.714714
0.548256 -1.613522 0.714714
0.548256 -1.613522 0.714714
0.548256 -1.613522 0.714714
0.548256 -1.613522 0.714714
0.548256 -1.613522 0.714714
0.548256 -1.613522 0.714714
0.548256 -1.613522 0.714714
0.548256 -1.613522 0.714714
0.548256 -1.613522 0.714714
0.548256 -1.613522 0.714714
0.548256 -1.613522 0.714714
0.548256 -1.613522 0.714714
0.548256 -1.613522 0.714714
0.548256 -1.613522 0.714714
0.548256 -1.613522 0.714714
0.548256 -1.613522 0.714714
0.548256 -1.613522 0.714714
0.548256 -1.613522 0.714714
0.548256 -1.613522 0.714714
0.548256 -1.613522 0.714714
0.548256 -1.613522 0.714714
0.548256 -1.613522 0.714714
0.548256 -1.613522 0.714714
0.548256 -1.613522 0.714714
0.548256 -1.613522 0.714714
0.548256 -1.613522 0.714714
0.548256 -1.613522 0.714714
0.548256 -1.613522 0.714714
0.548256 -1.613522 0.714714
0.548256 -1.613522 0.714714
0.548256 -1.613522 0.714714
0.548256 -1.613522 0.714714
0.548256 -1.613522 0.714714
0.548256 -1.613522 0.714714
0.548256 -1.613522 0.714714
0.548256 -1.613522 0.714714
0.548256 -1.613522 0.714714
0.548256 -1.613522 0.714714
0.548256 -1.613522 0.714714
0.548256 -1.613522 0.714714
0.548256 -1.613522 0.714714
0.548256 -1.613522 0.714714
0.548256 -1.613522 0.714714
0.548256 -1.613522 0.714714
0.548256 -1.613522 0.714714
0.548256 -1.613522 0.714714
0.548256 -1.613522 0.714714
0.548256 -1.613522 0.714714
0.548256 -1.613522 0.714714
0.548256 -1.613522 0.714714
0.548256 -1.613522 0.714714
0.548256 -1.613522 0.714714
0.548256 -1.613522 0.714714
0.548256 -1.613522 0.714714
0.548256 -1.613522 0.714714
0.548256 -1.613522 0.714714
0.548256 -1.613522 0.714714
0.548256 -1.613522 0.714714
0.548256 -1.613522 0.714714
0.548256 -1.613522 0.714714
0.548256 -1.613522 0.714714
0.548256 -1.613522 0.714714
0.548256 -1.613522 0.714714
0.548256 -1.613522 0.714714
0.548256 -1.613522 0.714714
0.548256 -1.613522 0.714714
0.548256 -1.613522 0.714714
0.548256 -1.613522 0.714714
0.548256 -1.613522 0.714714
0.548256 -1.613522 0.714714
0.548256 -1.613522 0.714714
0.548256 -1.613522 0.714714
0.548256 -1.613522 0.714714
0.548256 -1.613522 0.714714
0.548256 -1.613522 0.714714
0.548256 -1.613522 0.714714
0.548256 -1.613522 0.714714
0.548256 -1.613522 0.714714
0.548256 -1.613522 0.714714
0.548256 -1.613522 0.714714
0.548256 -1.613522 0.714714
0.548256 -1.613522 0.714714
0.548256 -1.613522 0.714714
0.548256 -1.613522 0.714714
0.548256 -1.613522 0.714714
0.548256 -1.613522 0.714714
0.548256 -1.613522 0.714714
0.548256 -1.613522 0.714714
0.548256 -1.613522 0.714714
0.548256 -1.613522 0.714714
0.548256 -1.613522 0.714714
0.548256 -1.613522 0.714714
0.548256 -1.613522 0.714714
0.548256 -1.613522 0.714714
0.548256 -1.613522 0.714714
0.548256 -1.613522 0.714714
0.548256 -1.613522 0.714714
0.548256 -1.613522 0.714714
0.548256 -1.613522 0.714714
0.548256 -1.613522 0.714714
0.548256 -1.613522 0.714714
0.548256 -1.613522 0.714714
0.548256 -1.613522 0.714714
0.548256 -1.613522 0.714714
0.548256 -1.613522 0.714714
0.548256 -1.613522 0.714714
0.548256 -1.613522 0.714714
0.548256 -1.613522 0.714714
0.548256 -1.613522 0.714714
0.548256 -1.613522 0.714714
0.548256 -1.613522 0.714714
0.548256 -1.613522 0.714714
0.548256 -1.613522 0.714714
0.548256 -1.613522 0.714714
0.548256 -1.613522 0.714714
0.548256 -1.613522 0.714714
0.548256 -1.613522 0.714714
0.548256 -1.613522 0.714714
0.548256 -1.613522 0.714714
0.548256 -1.613522 0.714714
0.548256 -1.613522 0.714714
0.548256 -1.613522 0.714714
0.548256 -1.613522 0.714714
0.548256 -1.613522 0.714714
0.548256 -1.613522 0.714714
0.548256 -1.613522 0.714714
0.548256 -1.613522 0.714714
0.548256 -1.613522 0.714714
0.548256 -1.613522 0.714714
0.548256 -1.613522 0.714714
0.548256 -1.613522 0.714714
0.548256 -1.613522 0.714714
0.548256 -1.613522 0.714714
0.548256 -1.613522 0.714714
0.548256 -1.613522 0.714714
0.548256 -1.613522 0.714714
0.548256 -1.613522 0.714714
0.548256 -1.613522 0.714714
0.548256 -1.613522 0.714714
0.548256 -1.613522 0.714714
0.548256 -1.613522 0.714714
0.548256 -1.613522 0.714714
0.548256 -1.613522 0.714714
0.548256 -1.613522 0.714714
0.548256 -1.613522 0.714714
0.548256 -1.613522 0.714714
0.548256 -1.613522 0.714714
0.548256 -1.613522 0.714714
0.548256 -1.613522 0.714714
0.548256 -1.613522 0.714714
0.548256 -1.613522 0.714714
0.548256 -1.613522 0.714714
0.548256 -1.613522 0.714714
0.548256 -1.613522 0.714714
0.548256 -1.613522 0.714714
0.548256 -1.613522 0.714714
0.548256 -1.613522 0.714714
0.548256 -1.613522 0.714714
0.548256 -1.613522 0.714714
0.548256 -1.613522 0.714714
0.548256 -1.613522 0.714714
0.548256 -1.613522 0.714714
0.548256 -1.613522 0.714714
0.548256 -1.613522 0.714714
0.548256 -1.613522 0.714714
0.548256 -1.613522 0.714714
0.548256 -1.613522 0.714714
0.548256 -1.613522 0.714714
0.548256 -1.613522 0.714714
0.548256 -1.613522 0.714714
