0.316040 -1.645600 0.626130
0.316040 -1.645600 0.626130
0.316040 -1.645600 0.626130
0.316040 -1.645600 0.626130
0.316040 -1.645600 0.626130
0.316040 -1.645600 0.626130
0.316040 -1.645600 0.626130
0.322504 -1.640634 0.626130
0.331214 -1.633171 0.626130
0.331214 -1.623213 0.626130
0.325250 -1.618996 0.626130
0.325250 -1.618996 0.626130
0.325250 -1.618996 0.626130
0.325250 -1.618996 0.626130
0.325250 -1.618996 0.626130
0.325250 -1.618996 0.626130
0.325250 -1.618996 0.626130
0.325250 -1.618996 0.626130
0.325250 -1.618996 0.626130
0.325250 -1.618996 0.626130
0.325250 -1.618996 0.626130
0.325250 -1.618996 0.626130
0.325250 -1.618996 0.626130
0.325250 -1.618996 0.626130
0.325250 -1.618996 0.626130
0.325250 -1.618996 0.626130
0.325250 -1.618996 0.626130
0.325250 -1.618996 0.626130
0.325250 -1.618996 0.626130
0.325250 -1.618996 0.626130
0.325250 -1.618996 0.626130
0.325250 -1.618996 0.626130
0.325250 -1.618996 0.626130
0.325250 -1.618996 0.626130
0.325250 -1.618996 0.626130
0.325250 -1.618996 0.626130
0.325250 -1.618996 0.626130
0.325250 -1.618996 0.626130
0.325250 -1.618996 0.626130
0.325250 -1.618996 0.626130
0.325250 -1.618996 0.626130
0.325250 -1.618996 0.626130
0.325250 -1.618996 0.626130
0.325250 -1.618996 0.632690
0.325250 -1.618996 0.642607
0.325250 -1.618996 0.642607
0.325250 -1.618996 0.642607
0.325250 -1.618996 0.644638
0.325250 -1.618996 0.654638
0.325250 -1.618996 0.654638
0.325250 -1.618996 0.654638
0.325250 -1.618996 0.662234
0.325250 -1.618996 0.666295
0.325250 -1.618996 0.666295
0.325250 -1.618996 0.666295
0.325250 -1.618996 0.666295
0.325250 -1.618996 0.666295
0.329135 -1.618996 0.666295
0.339135 -1.617441 0.666295
0.339135 -1.617441 0.666295
0.339135 -1.617441 0.666295
0.339135 -1.617441 0.666295
0.339135 -1.617441 0.666295
0.339135 -1.617441 0.666295
0.339135 -1.617441 0.666295
0.339135 -1.617441 0.667580
0.339135 -1.617441 0.676751
0.339135 -1.617441 0.683892
0.339135 -1.617441 0.683892
0.339135 -1.617441 0.683892
0.349135 -1.616136 0.683892
0.349135 -1.616136 0.683892
0.359135 -1.615830 0.683892
0.369135 -1.614525 0.683892
0.379135 -1.613553 0.683892
0.379135 -1.613553 0.683892
0.379135 -1.613553 0.683892
0.383186 -1.613553 0.683892
0.393186 -1.611500 0.683892
0.403186 -1.609945 0.683892
0.403186 -1.609945 0.683892
0.413186 -1.609140 0.683892
0.422562 -1.606837 0.683892
0.432562 -1.606031 0.683892
0.439608 -1.604061 0.683892
0.449608 -1.602506 0.683892
0.456655 -1.601950 0.683892
0.466655 -1.600895 0.683892
0.466655 -1.600895 0.683892
0.476655 -1.600895 0.683892
0.476655 -1.600895 0.683892
0.479957 -1.600895 0.683892
0.489957 -1.600089 0.683892
0.499957 -1.600089 0.683892
0.506004 -1.600033 0.683892
0.516004 -1.599809 0.683892
0.526004 -1.599809 0.683892
0.536004 -1.599087 0.683892
0.546004 -1.598781 0.683892
0.554548 -1.598781 0.683892
0.564548 -1.598474 0.683892
0.564548 -1.598474 0.683892
0.564548 -1.598474 0.683892
0.573841 -1.598474 0.683892
0.574148 -1.598474 0.683892
0.584148 -1.598474 0.683892
0.584148 -1.598474 0.683892
0.584148 -1.598474 0.683892
0.584454 -1.598474 0.683892
0.594454 -1.598474 0.683892
0.601251 -1.598474 0.683892
0.601251 -1.598474 0.683892
0.601251 -1.598474 0.683892
0.601251 -1.598474 0.683892
0.601251 -1.598474 0.683892
0.601251 -1.598474 0.683892
0.601251 -1.596254 0.683892
0.601251 -1.586254 0.683892
0.601251 -1.586254 0.683892
0.601251 -1.586254 0.683892
0.601251 -1.586254 0.683892
0.601251 -1.594715 0.683892
0.601251 -1.594771 0.683892
0.601251 -1.604771 0.683892
0.601251 -1.609819 0.683892
0.601251 -1.616366 0.683892
0.601251 -1.626366 0.683892
0.601251 -1.634826 0.683892
0.601251 -1.638210 0.683892
0.601251 -1.642926 0.683892
0.601251 -1.652926 0.683892
0.601251 -1.661886 0.683892
0.601251 -1.666352 0.683892
0.601251 -1.666352 0.683892
0.601251 -1.668488 0.683892
0.601251 -1.674785 0.683892
0.601251 -1.674785 0.683892
0.601251 -1.674785 0.683892
0.601251 -1.674785 0.683892
0.601251 -1.684785 0.683892
0.601251 -1.684785 0.683892
0.601251 -1.694785 0.683892
0.601251 -1.694785 0.683892
0.601251 -1.694785 0.683892
0.601251 -1.699001 0.683892
0.601251 -1.709001 0.683892
0.601251 -1.710888 0.683892
0.601251 -1.717934 0.683892
0.601251 -1.717934 0.683892
0.601251 -1.717934 0.683892
0.601251 -1.717934 0.683892
0.601251 -1.724813 0.683892
0.601251 -1.724813 0.683892
0.601251 -1.730527 0.683892
0.601251 -1.739986 0.683892
0.601251 -1.744702 0.683892
0.601251 -1.744702 0.683892
0.601251 -1.754702 0.683892
0.601251 -1.754702 0.683892
0.601251 -1.754702 0.683892
0.601251 -1.754702 0.683892
0.601251 -1.754702 0.683892
0.601251 -1.755257 0.683892
0.601251 -1.764882 0.683892
0.601251 -1.768849 0.683892
0.601251 -1.768849 0.683892
0.601251 -1.768849 0.683892
0.601251 -1.778849 0.683892
0.601251 -1.778849 0.683892
0.601251 -1.778849 0.683892
0.601251 -1.778849 0.683892
0.601251 -1.778849 0.683892
0.601251 -1.778849 0.683892
0.601251 -1.778849 0.683892
0.601251 -1.778849 0.683892
0.601251 -1.778849 0.683892
0.601251 -1.778849 0.683892
0.601251 -1.778849 0.683892
0.601251 -1.778849 0.683892
0.601251 -1.778849 0.683892
0.601251 -1.778849 0.683892
0.601251 -1.778849 0.683892
0.601251 -1.778849 0.683892
0.601251 -1.778849 0.683892
0.601251 -1.778849 0.683892
0.601251 -1.778849 0.683892
0.601251 -1.778849 0.683892
0.601251 -1.778849 0.683892
0.601251 -1.778849 0.683892
0.601251 -1.778849 0.683892
0.601251 -1.778849 0.683892
0.601251 -1.778849 0.683892
0.601251 -1.778849 0.683892
0.601251 -1.778849 0.683892
0.601251 -1.778849 0.683892
0.601251 -1.778849 0.683892
0.601251 -1.778849 0.683892
0.601251 -1.778849 0.683892
0.601251 -1.778849 0.683892
0.601251 -1.778849 0.683892
0.601251 -1.778849 0.683892
0.601251 -1.778849 0.683892
0.601251 -1.778849 0.683892
0.601251 -1.778849 0.683892
0.601251 -1.778849 0.683892
0.601251 -1.778849 0.683892
0.601251 -1.778849 0.683892
0.601251 -1.778849 0.683892
0.601251 -1.778849 0.683892
0.601251 -1.778849 0.683892
0.601251 -1.778849 0.683892
0.601251 -1.778044 0.683892
0.601251 -1.768044 0.683892
0.601251 -1.768044 0.683892
0.601251 -1.768044 0.683892
0.601251 -1.762578 0.683892
0.601251 -1.761773 0.683892
0.601251 -1.761773 0.683892
0.601251 -1.761773 0.683892
0.601251 -1.761773 0.683892
0.601391 -1.751773 0.683892
0.601391 -1.748471 0.683892
0.601391 -1.748471 0.683892
0.601391 -1.748471 0.683892
0.601391 -1.748471 0.683892
0.601391 -1.748471 0.683892
0.601391 -1.748471 0.683892
0.601391 -1.748471 0.683892
0.601391 -1.748471 0.683892
0.601391 -1.748471 0.683892
0.601391 -1.748471 0.683892
0.601391 -1.748471 0.683892
0.601391 -1.747416 0.683892
0.601391 -1.737416 0.683892
0.601002 -1.737109 0.683892
0.601002 -1.737109 0.683892
0.601002 -1.739495 0.683892
0.601002 -1.748621 0.683892
0.601002 -1.752089 0.683892
0.601002 -1.752089 0.683892
0.601002 -1.762089 0.683892
0.601002 -1.762089 0.683892
0.601002 -1.762089 0.683892
0.601002 -1.762089 0.683892
0.601002 -1.762089 0.683892
0.601002 -1.772089 0.683892
0.601002 -1.772089 0.683892
0.601002 -1.772089 0.683892
0.601002 -1.772089 0.683892
0.601002 -1.772089 0.683892
0.601002 -1.772089 0.683892
0.601002 -1.772089 0.683892
0.601002 -1.772089 0.683892
0.601002 -1.772089 0.683892
0.601002 -1.772089 0.683892
0.601002 -1.772089 0.683892
0.601002 -1.772089 0.683892
0.597867 -1.772089 0.683892
0.597867 -1.772089 0.683892
0.597867 -1.772089 0.683892
0.597867 -1.772089 0.683892
0.597867 -1.772089 0.683892
0.597867 -1.772089 0.683892
0.597867 -1.772089 0.683892
0.597867 -1.772089 0.683892
0.597867 -1.772089 0.683892
0.597867 -1.772089 0.683892
0.593484 -1.772089 0.683892
0.593484 -1.772089 0.683892
0.593484 -1.772089 0.683892
0.593484 -1.772089 0.683892
0.603193 -1.772089 0.683892
0.603193 -1.772089 0.683892
0.603193 -1.772089 0.683892
0.603193 -1.772089 0.683892
0.603193 -1.772089 0.683892
0.603193 -1.772089 0.683892
0.603193 -1.772089 0.683892
0.603193 -1.772089 0.683892
0.603193 -1.772089 0.683892
0.603193 -1.772089 0.683892
0.603193 -1.772089 0.683892
0.603193 -1.772089 0.683892
0.603193 -1.772089 0.675881
0.603193 -1.772089 0.669445
0.603193 -1.772089 0.669445
0.603193 -1.772089 0.664445
0.603193 -1.772089 0.657594
0.603193 -1.772089 0.655440
0.603193 -1.772089 0.645440
0.603193 -1.772089 0.642539
0.603193 -1.772089 0.642539
0.603193 -1.772089 0.632539
0.603193 -1.772089 0.628768
0.603193 -1.772089 0.628353
0.603193 -1.772089 0.628353
0.603193 -1.772089 0.623353
0.603193 -1.772089 0.614017
0.603193 -1.772089 0.614017
0.603193 -1.772089 0.614017
0.603193 -1.772089 0.614017
0.603193 -1.772089 0.614017
0.603193 -1.772089 0.609085
0.603193 -1.772089 0.609085
0.603193 -1.772089 0.609085
0.603193 -1.772089 0.609085
0.603193 -1.772089 0.609085
0.603193 -1.772089 0.609085
0.603193 -1.772089 0.607220
0.603193 -1.772089 0.607220
0.603193 -1.772089 0.607220
0.603193 -1.772089 0.607220
0.603193 -1.772089 0.607220
0.603193 -1.772089 0.607220
0.603193 -1.772089 0.607220
0.603193 -1.772089 0.607220
0.603193 -1.772089 0.607220
0.603193 -1.772089 0.607220
0.603193 -1.772089 0.607220
0.603193 -1.772089 0.607220
0.603193 -1.772089 0.607220
0.603193 -1.772089 0.607220
0.603193 -1.772089 0.607220
0.603193 -1.772089 0.607220
0.603193 -1.772089 0.607220
0.603193 -1.772089 0.607220
0.603193 -1.772089 0.607220
0.603193 -1.772089 0.607220
0.603193 -1.772089 0.607220
0.603193 -1.772089 0.607220
0.603193 -1.772089 0.607220
0.603193 -1.772089 0.607220
0.603193 -1.772089 0.607220
0.603193 -1.772089 0.607220
0.603193 -1.772089 0.607220
0.603193 -1.772089 0.607220
0.603193 -1.772089 0.607220
0.603193 -1.772089 0.607220
0.603193 -1.772089 0.607220
0.603193 -1.772089 0.607220
0.603193 -1.772089 0.607220
0.603193 -1.772089 0.607220
0.603193 -1.772089 0.607220
0.603193 -1.772089 0.607220
0.603193 -1.772089 0.607220
0.603193 -1.772089 0.607220
0.603193 -1.772089 0.607220
0.603193 -1.772089 0.607220
0.603193 -1.772089 0.607220
0.603193 -1.772089 0.607220
0.603193 -1.772089 0.607220
0.603193 -1.772089 0.607220
0.603193 -1.772089 0.607220
0.613193 -1.772089 0.607220
0.613193 -1.772089 0.607220
0.613193 -1.772089 0.607220
0.613193 -1.772089 0.607220
0.613193 -1.772089 0.607220
0.613193 -1.772089 0.607220
0.606813 -1.773726 0.607220
0.606813 -1.773726 0.607220
0.606813 -1.773726 0.607220
0.606813 -1.773726 0.607220
0.606813 -1.773726 0.607220
0.606813 -1.773726 0.607220
0.606813 -1.773726 0.607220
0.606813 -1.773726 0.607220
0.606813 -1.773726 0.607220
0.606813 -1.773726 0.607220
0.606813 -1.773726 0.607220
0.606813 -1.773726 0.607220
0.606813 -1.773726 0.607220
0.606813 -1.773726 0.607220
0.606813 -1.773726 0.607220
0.606813 -1.773726 0.602455
0.606813 -1.773726 0.607386
0.606813 -1.773726 0.607386
0.606813 -1.773726 0.607386
0.606813 -1.773726 0.607386
0.606813 -1.773726 0.607386
0.606813 -1.773726 0.607386
0.606813 -1.773726 0.607386
0.606813 -1.773726 0.607386
0.606813 -1.773726 0.607386
0.606813 -1.773726 0.607386
0.606813 -1.773726 0.607386
0.606813 -1.773726 0.607386
0.606813 -1.773726 0.607386
0.606813 -1.773726 0.607386
0.606813 -1.773726 0.607386
0.606813 -1.773726 0.607386
0.606813 -1.773726 0.607386
0.606813 -1.773726 0.607386
0.606813 -1.773726 0.607386
0.606813 -1.773726 0.607386
0.606813 -1.773726 0.607386
0.606813 -1.773726 0.607386
0.606813 -1.773726 0.607386
0.606813 -1.773726 0.607386
0.606813 -1.773726 0.607386
0.606813 -1.773726 0.607386
0.606813 -1.773726 0.607386
0.606813 -1.773726 0.607386
0.606813 -1.773726 0.607386
0.606813 -1.773726 0.607386
0.606813 -1.773726 0.607386
0.606813 -1.773726 0.607386
0.606813 -1.773726 0.607386
0.606813 -1.773726 0.607386
0.606813 -1.773726 0.607386
0.606813 -1.773726 0.607386
0.606813 -1.773726 0.607386
0.606813 -1.773726 0.607386
0.606813 -1.773726 0.607386
0.606813 -1.773726 0.607386
0.606813 -1.773726 0.607386
0.606813 -1.773726 0.607386
0.606813 -1.773726 0.607386
0.606813 -1.773726 0.607386
0.606813 -1.773726 0.607386
0.606813 -1.773726 0.607386
0.606813 -1.773726 0.607386
0.606813 -1.773726 0.607386
0.606813 -1.773726 0.607386
0.606813 -1.773726 0.607386
0.606813 -1.773726 0.607386
0.606813 -1.773726 0.607386
0.606813 -1.773726 0.607386
0.606813 -1.773726 0.607386
0.605426 -1.773726 0.607386
0.605426 -1.773726 0.607386
0.605426 -1.773726 0.607386
0.605426 -1.773726 0.607386
0.606647 -1.773726 0.607386
0.616647 -1.773726 0.607386
0.616647 -1.773726 0.607386
0.616647 -1.773726 0.607386
0.616647 -1.773726 0.607386
0.616647 -1.773726 0.607386
0.616647 -1.773726 0.607386
0.616647 -1.773726 0.607386
0.616647 -1.773726 0.607386
0.616647 -1.773726 0.607386
0.616647 -1.773726 0.607386
0.616647 -1.773726 0.607386
0.616647 -1.773726 0.607386
0.616647 -1.773726 0.607386
0.610767 -1.773726 0.607386
0.610767 -1.773726 0.607386
0.610767 -1.773726 0.607386
0.608464 -1.773726 0.607386
0.608075 -1.773726 0.607386
0.608075 -1.773726 0.607386
0.608075 -1.773726 0.607386
0.598075 -1.774531 0.607386
0.598075 -1.774531 0.607386
0.598075 -1.774531 0.607386
0.598075 -1.774531 0.607386
0.598075 -1.774531 0.607386
0.592195 -1.774531 0.607386
0.592195 -1.774531 0.607386
0.592195 -1.774531 0.607386
0.592195 -1.774531 0.607386
0.592195 -1.774531 0.607386
0.592195 -1.774531 0.607386
0.592195 -1.774531 0.607386
0.592195 -1.774531 0.607386
0.592195 -1.774531 0.607386
0.592195 -1.774531 0.607386
0.592195 -1.774531 0.607386
0.592195 -1.774531 0.607386
0.592195 -1.774531 0.606972
0.592195 -1.774531 0.606972
0.592195 -1.774531 0.606972
0.592195 -1.774531 0.606972
0.592195 -1.774531 0.602496
0.592195 -1.774531 0.602496
0.592195 -1.774531 0.602496
0.592195 -1.774531 0.602496
0.592195 -1.774531 0.602496
0.592195 -1.774531 0.602496
0.592195 -1.774531 0.602496
0.592195 -1.774531 0.602496
0.592195 -1.774531 0.602496
0.592195 -1.774531 0.602496
0.592195 -1.774531 0.602496
0.592195 -1.774531 0.602496
0.592195 -1.774531 0.602496
0.592195 -1.774531 0.602496
0.592195 -1.773975 0.602496
0.592195 -1.770257 0.602496
0.592195 -1.765707 0.602496
0.592195 -1.760408 0.602496
0.592195 -1.754110 0.602496
0.592195 -1.746814 0.602496
0.592195 -1.738770 0.602496
0.592195 -1.730475 0.602496
0.592195 -1.721681 0.602496
0.592195 -1.711681 0.602496
0.592195 -1.711681 0.602496
0.592195 -1.711681 0.602496
0.591556 -1.710127 0.602496
0.591556 -1.709405 0.602496
0.591556 -1.699405 0.602496
0.591556 -1.699405 0.602496
0.591500 -1.698682 0.602496
0.591444 -1.697377 0.602496
0.591444 -1.687377 0.602496
0.591444 -1.687377 0.602496
0.591444 -1.687377 0.602496
0.591444 -1.687377 0.602496
0.591444 -1.687377 0.602496
0.591444 -1.687377 0.602496
0.591444 -1.687377 0.602496
0.591444 -1.687377 0.602496
0.591444 -1.687377 0.602496
0.591444 -1.687377 0.602496
0.591444 -1.687377 0.602496
0.591444 -1.687377 0.602496
0.591444 -1.684575 0.602496
0.591444 -1.679359 0.602496
0.591444 -1.673062 0.602496
0.591444 -1.664851 0.602496
0.591444 -1.655891 0.602496
0.591444 -1.646847 0.602496
0.591444 -1.636847 0.602496
0.591444 -1.636847 0.602496
0.591444 -1.636847 0.602496
0.591444 -1.636847 0.602496
0.591444 -1.635126 0.602496
0.591444 -1.625126 0.602496
0.591444 -1.625126 0.602496
0.591221 -1.619328 0.602496
0.591221 -1.609328 0.602496
0.591221 -1.600368 0.602496
0.590333 -1.595652 0.602496
0.590333 -1.585652 0.602496
0.589029 -1.584097 0.602496
0.589029 -1.574097 0.602496
0.587891 -1.572876 0.602496
0.587891 -1.562876 0.602496
0.587170 -1.559075 0.602496
0.587170 -1.549075 0.602496
0.586531 -1.547021 0.602496
0.586531 -1.547021 0.602496
0.586531 -1.547021 0.602496
0.586531 -1.547021 0.602496
0.586531 -1.547021 0.602496
0.586531 -1.546215 0.602496
0.586837 -1.536215 0.602496
0.586837 -1.536215 0.602496
0.586837 -1.536215 0.602496
0.586837 -1.536215 0.602496
0.586837 -1.536215 0.602496
0.586837 -1.536215 0.602496
0.586837 -1.536215 0.602496
0.586894 -1.526215 0.602496
0.586894 -1.526215 0.602496
0.586894 -1.526215 0.602496
0.586894 -1.526215 0.602496
0.586894 -1.526215 0.602496
0.586894 -1.526215 0.602496
0.586894 -1.526215 0.602496
0.586894 -1.526215 0.602496
0.586894 -1.526215 0.602496
0.586894 -1.526215 0.602496
0.586894 -1.526215 0.602496
0.586894 -1.526215 0.602496
0.586894 -1.526215 0.602496
0.586894 -1.526215 0.602496
0.586894 -1.526215 0.602496
0.586894 -1.526215 0.604071
0.586894 -1.526215 0.607096
0.586894 -1.526215 0.611447
0.586894 -1.526215 0.616723
0.586894 -1.526215 0.623573
0.586894 -1.526215 0.630879
0.586894 -1.526215 0.639470
0.586894 -1.526215 0.648227
0.586894 -1.526215 0.657108
0.586894 -1.526215 0.666860
0.586894 -1.526215 0.666860
0.586894 -1.526215 0.666860
0.586894 -1.526215 0.676611
0.586894 -1.526215 0.677025
0.586894 -1.526215 0.680631
0.586894 -1.526215 0.690631
0.586894 -1.526215 0.694236
0.586894 -1.526215 0.704236
0.586894 -1.526215 0.712247
0.586894 -1.526215 0.722247
0.586894 -1.526215 0.730423
0.586894 -1.526215 0.730423
0.586894 -1.526215 0.730423
0.586894 -1.526215 0.730423
0.586894 -1.526215 0.730423
0.586894 -1.526215 0.730423
0.586894 -1.526215 0.730423
0.586894 -1.526215 0.730423
0.586894 -1.526215 0.730423
0.586894 -1.526215 0.730423
0.586894 -1.526215 0.730423
0.586894 -1.526215 0.730423
0.586894 -1.526215 0.730423
0.586894 -1.526215 0.730423
0.586894 -1.526215 0.730423
0.586894 -1.526215 0.730423
0.586894 -1.526215 0.730423
0.586894 -1.526215 0.730423
0.586894 -1.526215 0.730423
0.586894 -1.526215 0.730423
0.586894 -1.526215 0.730423
0.586894 -1.526215 0.730423
0.586894 -1.526215 0.730423
0.586894 -1.526215 0.730423
0.586894 -1.526215 0.730423
0.586894 -1.526215 0.730423
0.586894 -1.526215 0.730423
0.586894 -1.526215 0.730423
0.586894 -1.526215 0.730423
0.586894 -1.526215 0.730423
0.586894 -1.526215 0.730423
0.586894 -1.526215 0.730423
0.586894 -1.526215 0.730423
0.586894 -1.526215 0.730423
0.586894 -1.526215 0.730423
0.586894 -1.526215 0.730423
0.586894 -1.526215 0.730423
0.586894 -1.526215 0.730423
0.586894 -1.526215 0.730423
0.586894 -1.526215 0.730423
0.586894 -1.526215 0.730423
0.586894 -1.526215 0.730423
0.586894 -1.526215 0.730423
0.586894 -1.526215 0.730423
0.586894 -1.526215 0.730423
0.586894 -1.526215 0.730423
0.581013 -1.526215 0.730423
0.571013 -1.526215 0.730423
0.571013 -1.526215 0.730423
0.571013 -1.526215 0.730423
0.571013 -1.526215 0.730423
0.561013 -1.526215 0.730423
0.561013 -1.526215 0.730423
0.551721 -1.526604 0.730423
0.543261 -1.526604 0.730423
0.541208 -1.526604 0.730423
0.531208 -1.527492 0.730423
0.531208 -1.527492 0.730423
0.531208 -1.527492 0.730423
0.521208 -1.527492 0.730423
0.521208 -1.527492 0.730423
0.511208 -1.527492 0.730423
0.511208 -1.527492 0.730423
0.511208 -1.527492 0.730423
0.511208 -1.527492 0.730423
0.502831 -1.527492 0.730423
0.496035 -1.527492 0.730423
0.496035 -1.527492 0.730423
0.496035 -1.527492 0.730423
0.496035 -1.527492 0.730423
0.496035 -1.527492 0.730423
0.496035 -1.527492 0.730423
0.496035 -1.527492 0.730423
0.496035 -1.527186 0.730423
0.496035 -1.521138 0.730423
0.496035 -1.511138 0.730423
0.496035 -1.505923 0.730423
0.496035 -1.505923 0.730423
0.496035 -1.505923 0.730423
0.496035 -1.505923 0.730423
0.496035 -1.508308 0.730423
0.496035 -1.518308 0.730423
0.496035 -1.518947 0.730423
0.496035 -1.528947 0.730423
0.496035 -1.538322 0.730423
0.496341 -1.542622 0.730423
0.496341 -1.552622 0.730423
0.496341 -1.562622 0.730423
0.496341 -1.572622 0.730423
0.496341 -1.579918 0.730423
0.496341 -1.583385 0.730423
0.496341 -1.586021 0.730423
0.496341 -1.594980 0.730423
0.496341 -1.604980 0.730423
0.496341 -1.614356 0.730423
0.496341 -1.620902 0.730423
0.496341 -1.630902 0.730423
0.496341 -1.639362 0.730423
0.496341 -1.640916 0.730423
0.496341 -1.650541 0.730423
0.496341 -1.660416 0.730423
0.496341 -1.664549 0.730423
0.496341 -1.673176 0.730423
0.496341 -1.683176 0.730423
0.496341 -1.692052 0.730423
0.496341 -1.692052 0.730423
0.496341 -1.692608 0.730423
0.496341 -1.692608 0.730423
0.496341 -1.702608 0.730423
0.496341 -1.702913 0.730423
0.496341 -1.702913 0.730423
0.496341 -1.703718 0.730423
0.496341 -1.703718 0.730423
0.496341 -1.703718 0.730423
0.496341 -1.712927 0.730423
0.496341 -1.712927 0.730423
0.496341 -1.712927 0.730423
0.496341 -1.712927 0.730423
0.496341 -1.722927 0.730423
0.496341 -1.723815 0.730423
0.496481 -1.723815 0.730423
0.496481 -1.733815 0.730423
0.496481 -1.738781 0.730423
0.496481 -1.738781 0.730423
0.496481 -1.748781 0.730423
0.496481 -1.748781 0.730423
0.496481 -1.758781 0.730423
0.496481 -1.758781 0.730423
0.496481 -1.762415 0.730423
0.496481 -1.765134 0.730423
0.496481 -1.765134 0.730423
0.496481 -1.765134 0.730423
0.496481 -1.765134 0.730423
0.496481 -1.765134 0.730423
0.496481 -1.765134 0.726238
0.496481 -1.765134 0.719097
0.496481 -1.765134 0.718103
0.496481 -1.765134 0.708642
0.496481 -1.765134 0.707482
0.496481 -1.765134 0.700341
0.496481 -1.765134 0.700341
0.496481 -1.765134 0.695410
0.496481 -1.765134 0.694995
0.496481 -1.765134 0.694995
0.496481 -1.765134 0.694995
0.496481 -1.765134 0.685244
0.496481 -1.765134 0.685244
0.496481 -1.765134 0.685244
0.496481 -1.765134 0.685244
0.496481 -1.765134 0.685244
0.496481 -1.765134 0.685244
0.496481 -1.765134 0.681183
0.496481 -1.765134 0.681183
0.496481 -1.765134 0.679443
0.496481 -1.765134 0.678863
0.496481 -1.765134 0.678863
0.496481 -1.765134 0.678863
0.496481 -1.765134 0.678863
0.496481 -1.765134 0.678863
0.496481 -1.765134 0.678863
0.496481 -1.765134 0.678863
0.496481 -1.765134 0.678863
0.496481 -1.765134 0.678863
0.496481 -1.765134 0.678863
0.496481 -1.765134 0.678863
0.496481 -1.765134 0.678863
0.496481 -1.765134 0.678863
0.496481 -1.765134 0.678863
0.496481 -1.765134 0.678863
0.496481 -1.765134 0.678863
0.502113 -1.765134 0.678863
0.502113 -1.765134 0.678863
0.502113 -1.765134 0.678863
0.502113 -1.765134 0.678863
0.502113 -1.765134 0.678863
0.502113 -1.765134 0.678863
0.502113 -1.765134 0.678863
0.502113 -1.765134 0.678863
0.502113 -1.765134 0.678863
0.502113 -1.765134 0.678863
0.502113 -1.765134 0.678863
0.502113 -1.765134 0.678863
0.502113 -1.765134 0.678863
0.502113 -1.765134 0.678863
0.502113 -1.765134 0.678863
0.506663 -1.765134 0.678863
0.506663 -1.765134 0.678863
0.506663 -1.765134 0.678863
0.514791 -1.765134 0.678863
0.514791 -1.765134 0.678863
0.514791 -1.765134 0.678863
0.514791 -1.765134 0.678863
0.514791 -1.765134 0.678863
0.514791 -1.765134 0.678863
0.514791 -1.765134 0.678863
0.514791 -1.765134 0.678863
0.514791 -1.765134 0.678863
0.514791 -1.765134 0.678863
0.504791 -1.765134 0.678863
0.504791 -1.765134 0.678863
0.504791 -1.765134 0.678863
0.504791 -1.765134 0.678863
0.494791 -1.765134 0.678863
0.494791 -1.765134 0.678863
0.494791 -1.765134 0.678863
0.494791 -1.765134 0.678863
0.494791 -1.765134 0.678863
0.486414 -1.765134 0.678863
0.486414 -1.765134 0.678863
0.486414 -1.765134 0.678863
0.486414 -1.765134 0.678863
0.490964 -1.765134 0.678863
0.500964 -1.764162 0.678863
0.500964 -1.764162 0.678863
0.509924 -1.762441 0.678863
0.509924 -1.762441 0.678863
0.509924 -1.762441 0.678863
0.509924 -1.762441 0.678863
0.509924 -1.762441 0.678863
0.509924 -1.762441 0.678863
0.509924 -1.762441 0.678863
0.505791 -1.762441 0.678863
0.505791 -1.762441 0.678863
0.505791 -1.762441 0.678863
0.505791 -1.762441 0.678863
0.505791 -1.762441 0.678863
0.505791 -1.762441 0.678863
0.505791 -1.762441 0.678863
0.505791 -1.762441 0.678573
0.505791 -1.762441 0.672883
0.505791 -1.762441 0.672883
0.505791 -1.762441 0.666612
0.505791 -1.762441 0.660757
0.505791 -1.762441 0.655757
0.505791 -1.762441 0.645757
0.505791 -1.762441 0.645757
0.505791 -1.762441 0.640991
0.505791 -1.762441 0.638836
0.505791 -1.762441 0.638836
0.505791 -1.762441 0.635231
0.505791 -1.762441 0.627800
0.505791 -1.762441 0.627800
0.505791 -1.762441 0.627800
0.505791 -1.762441 0.618173
0.505791 -1.762441 0.618173
0.505791 -1.762441 0.618173
0.505791 -1.762441 0.618173
0.505791 -1.762441 0.618173
0.505791 -1.762441 0.614982
0.505791 -1.762441 0.614692
0.505791 -1.762441 0.614692
0.505791 -1.762441 0.614692
0.505791 -1.762441 0.612372
0.505791 -1.762441 0.612248
0.505791 -1.762441 0.612248
0.505791 -1.762441 0.612248
0.505791 -1.762441 0.606848
0.505791 -1.762441 0.606848
0.505791 -1.762441 0.606848
0.505791 -1.762441 0.606848
0.505791 -1.762441 0.606848
0.505791 -1.762441 0.606848
0.505791 -1.762441 0.606848
0.505791 -1.762441 0.606848
0.505791 -1.762441 0.606848
0.505791 -1.762441 0.606848
0.505791 -1.762441 0.606848
0.514501 -1.762441 0.606848
0.514501 -1.762441 0.606848
0.514501 -1.762441 0.606848
0.514501 -1.762441 0.606848
0.519467 -1.762441 0.606848
0.519467 -1.762441 0.606848
0.519467 -1.762441 0.606848
0.519467 -1.762441 0.606848
0.520356 -1.762441 0.606848
0.520356 -1.762441 0.606848
0.520356 -1.762441 0.606848
0.527153 -1.762441 0.606848
0.527153 -1.762441 0.606848
0.527153 -1.762441 0.606848
0.527153 -1.762441 0.606848
0.527153 -1.762441 0.606848
0.523352 -1.762441 0.606848
0.513352 -1.761885 0.606848
0.513352 -1.761885 0.606848
0.513352 -1.761885 0.606848
0.513352 -1.761885 0.606848
0.505641 -1.761885 0.606848
0.505641 -1.761885 0.606848
0.505641 -1.761885 0.606848
0.505641 -1.761885 0.606848
0.505641 -1.761885 0.606848
0.505641 -1.756586 0.606848
0.505641 -1.749789 0.606848
0.505641 -1.749789 0.606848
0.505641 -1.749789 0.606848
0.505641 -1.749789 0.606848
0.505641 -1.749789 0.606848
0.505641 -1.749789 0.606848
0.505641 -1.749789 0.606848
0.505641 -1.755919 0.606848
0.505947 -1.758888 0.606848
0.505947 -1.767265 0.606848
0.506004 -1.768569 0.606848
0.506004 -1.768569 0.606848
0.506004 -1.768569 0.606848
0.506004 -1.768569 0.606848
0.506004 -1.768569 0.606848
0.506004 -1.768569 0.606848
0.506004 -1.763104 0.606848
0.506004 -1.763104 0.606848
0.506004 -1.763104 0.606848
0.506004 -1.763104 0.606848
0.506004 -1.763104 0.606848
0.506004 -1.763104 0.606848
0.506004 -1.763104 0.606848
0.506004 -1.763104 0.606848
0.506004 -1.763104 0.606848
0.506004 -1.763104 0.606848
0.506004 -1.763104 0.606848
0.506004 -1.763104 0.606848
0.506004 -1.763104 0.606848
0.506004 -1.763104 0.606848
0.506004 -1.763104 0.606848
0.506004 -1.763104 0.606848
0.506004 -1.763104 0.606848
0.506004 -1.763104 0.606848
0.506004 -1.763104 0.606848
0.506004 -1.763104 0.606848
0.506004 -1.763104 0.606848
0.506004 -1.763104 0.606848
0.506004 -1.763104 0.606848
0.506004 -1.763104 0.606848
0.506004 -1.763104 0.606848
0.506004 -1.763104 0.606848
0.506004 -1.763104 0.606848
0.506004 -1.763104 0.606848
0.506004 -1.763104 0.606848
0.506004 -1.763104 0.606848
0.506004 -1.763104 0.606848
0.506004 -1.763104 0.606848
0.506004 -1.763104 0.606848
0.506004 -1.763104 0.606848
0.506004 -1.763104 0.606848
0.506004 -1.763104 0.606848
0.506004 -1.763104 0.606848
0.506004 -1.763104 0.606848
0.506004 -1.763104 0.606848
0.506004 -1.763104 0.606848
0.506004 -1.763104 0.606848
0.506004 -1.763104 0.606848
0.506004 -1.763104 0.606848
0.506004 -1.763104 0.606848
0.506004 -1.763104 0.606848
0.506004 -1.763104 0.606848
0.506004 -1.763104 0.606848
0.506004 -1.763104 0.606848
0.511635 -1.763104 0.606848
0.511635 -1.763104 0.606848
0.511635 -1.763104 0.606848
0.511635 -1.763104 0.606848
0.511635 -1.763104 0.606848
0.511635 -1.763104 0.606848
0.511635 -1.763104 0.606848
0.511635 -1.763104 0.606848
0.511635 -1.763104 0.606848
0.511635 -1.763104 0.606848
0.511635 -1.763104 0.606848
0.511635 -1.763104 0.606848
0.511635 -1.763104 0.606848
0.511635 -1.763104 0.606848
0.511635 -1.763104 0.600702
0.511635 -1.763104 0.600702
0.511635 -1.763104 0.600702
0.511635 -1.763104 0.600702
0.511635 -1.763104 0.600702
0.511635 -1.763104 0.600702
0.511635 -1.763104 0.600702
0.511635 -1.762880 0.600702
0.511635 -1.761076 0.600702
0.511635 -1.756027 0.600702
0.511635 -1.749480 0.600702
0.511635 -1.742766 0.600702
0.511635 -1.735803 0.600702
0.511635 -1.728590 0.600702
0.511635 -1.720046 0.600702
0.511635 -1.710046 0.600702
0.511635 -1.710046 0.600702
0.511635 -1.706744 0.600702
0.511635 -1.703692 0.600702
0.511635 -1.703692 0.600702
0.511247 -1.700473 0.600702
0.511247 -1.690473 0.600702
0.510774 -1.686672 0.600702
0.510774 -1.679459 0.600702
0.510302 -1.674243 0.600702
0.509581 -1.670525 0.600702
0.509581 -1.660525 0.600702
0.509108 -1.660052 0.600702
0.509108 -1.651092 0.600702
0.508720 -1.649787 0.600702
0.508720 -1.646486 0.600702
0.508720 -1.636486 0.600702
0.508497 -1.636429 0.600702
0.508497 -1.630381 0.600702
0.508441 -1.624916 0.600702
0.508441 -1.624360 0.600702
0.508441 -1.614360 0.600702
0.508441 -1.614360 0.600702
0.508441 -1.604360 0.600702
0.507969 -1.604137 0.600702
0.507969 -1.594137 0.600702
0.507580 -1.591917 0.600702
0.507580 -1.586867 0.600702
0.507580 -1.579072 0.600702
0.507357 -1.578017 0.600702
0.507357 -1.568017 0.600702
0.507357 -1.568017 0.600702
0.507357 -1.568017 0.600702
0.507357 -1.568017 0.600702
0.507357 -1.568017 0.600702
0.507357 -1.568017 0.600702
0.507357 -1.568017 0.600702
0.507357 -1.568017 0.600702
0.507357 -1.568017 0.600702
0.507357 -1.568017 0.600702
0.507357 -1.568017 0.600702
0.507357 -1.568017 0.600702
0.507357 -1.568017 0.600702
0.507357 -1.568017 0.600702
0.507357 -1.568017 0.600702
0.507357 -1.568017 0.600702
0.507357 -1.568017 0.600702
0.507357 -1.568017 0.600702
0.507357 -1.568017 0.600702
0.507357 -1.568017 0.600702
0.507357 -1.568017 0.600702
0.507357 -1.568017 0.600702
0.507357 -1.568017 0.600702
0.507357 -1.568017 0.600702
0.507357 -1.568017 0.600702
0.507357 -1.568017 0.600702
0.507357 -1.568017 0.600702
0.507357 -1.568017 0.600702
0.507357 -1.568017 0.600702
0.507357 -1.568017 0.600702
0.507357 -1.568017 0.600702
0.507357 -1.568017 0.600702
