0.316040 -1.645600 0.626130
0.316040 -1.645600 0.626130
0.316040 -1.645600 0.626130
0.316040 -1.645600 0.626130
0.316040 -1.645600 0.626130
0.316040 -1.645600 0.626130
0.316040 -1.645600 0.626130
0.316040 -1.645600 0.626130
0.306040 -1.645600 0.626130
0.306040 -1.644378 0.626130
0.316040 -1.640827 0.626130
0.326040 -1.639772 0.626130
0.326040 -1.639772 0.626130
0.316040 -1.639772 0.626130
0.316040 -1.639772 0.626130
0.316040 -1.639772 0.626130
0.316040 -1.639772 0.626130
0.316040 -1.639772 0.626130
0.316040 -1.639772 0.636130
0.316040 -1.639772 0.636130
0.316040 -1.639772 0.646130
0.316040 -1.639772 0.656130
0.316040 -1.639772 0.666047
0.316040 -1.639772 0.674514
0.316040 -1.639772 0.683271
0.316040 -1.639772 0.683271
0.316040 -1.639772 0.683271
0.316040 -1.639772 0.683271
0.317594 -1.639772 0.683271
0.327594 -1.639772 0.683271
0.327594 -1.639772 0.683271
0.334474 -1.639772 0.683271
0.344474 -1.639772 0.683271
0.344474 -1.639772 0.683271
0.346861 -1.639772 0.683271
0.356861 -1.639772 0.683271
0.356861 -1.639772 0.683271
0.366861 -1.639772 0.683271
0.366918 -1.639772 0.683271
0.376918 -1.639772 0.683271
0.376918 -1.639772 0.683271
0.386918 -1.639772 0.683271
0.387640 -1.639772 0.683271
0.395269 -1.639772 0.683271
0.395269 -1.639772 0.683271
0.405269 -1.639772 0.683271
0.405269 -1.639772 0.683271
0.408987 -1.639772 0.683271
0.418987 -1.639772 0.683271
0.418987 -1.639772 0.683271
0.418987 -1.639772 0.683271
0.418987 -1.639772 0.683271
0.418987 -1.639772 0.683271
0.418987 -1.639772 0.683271
0.418987 -1.639772 0.683271
0.425784 -1.639772 0.683271
0.435784 -1.639772 0.683271
0.435784 -1.639772 0.683271
0.445784 -1.639772 0.683271
0.451415 -1.639772 0.683271
0.461415 -1.639772 0.683271
0.471124 -1.639772 0.683271
0.481124 -1.639216 0.683271
0.491124 -1.639216 0.683271
0.501124 -1.638493 0.683271
0.511124 -1.637937 0.683271
0.511124 -1.637937 0.683271
0.511124 -1.637937 0.683271
0.511124 -1.637937 0.683271
0.511124 -1.637937 0.683271
0.511124 -1.637937 0.683271
0.511124 -1.637937 0.683271
0.511124 -1.637937 0.683271
0.511124 -1.637937 0.683271
0.511124 -1.637937 0.683271
0.511124 -1.637937 0.683271
0.511124 -1.637937 0.683271
0.511124 -1.637937 0.683271
0.511124 -1.637937 0.683271
0.511124 -1.637937 0.683271
0.511124 -1.637937 0.683271
0.511124 -1.637937 0.683271
0.511124 -1.637937 0.683271
0.511124 -1.637937 0.683271
0.511124 -1.637937 0.683271
0.511124 -1.637937 0.683271
0.511124 -1.637937 0.683271
0.511124 -1.637937 0.683271
0.511124 -1.637937 0.683271
0.511124 -1.637937 0.683271
0.511124 -1.637937 0.683271
0.511124 -1.637937 0.683271
0.511124 -1.637937 0.683271
0.511124 -1.637937 0.683271
0.511124 -1.637937 0.683271
0.511124 -1.637937 0.683271
0.511124 -1.637937 0.683271
0.511124 -1.637937 0.683271
0.511124 -1.637937 0.683271
0.511124 -1.637937 0.683271
0.517921 -1.637937 0.683271
0.518061 -1.637465 0.683271
0.522778 -1.637465 0.683271
0.530240 -1.637465 0.683271
0.540240 -1.637465 0.683271
0.540240 -1.637465 0.683271
0.550199 -1.637465 0.683271
0.559741 -1.637465 0.683271
0.559741 -1.637465 0.683271
0.560880 -1.637465 0.683271
0.570880 -1.637770 0.683271
0.570880 -1.637770 0.683271
0.580880 -1.639324 0.683271
0.590880 -1.639324 0.683271
0.590880 -1.639324 0.683271
0.590880 -1.639324 0.683271
0.590880 -1.639547 0.683271
0.590936 -1.649547 0.683271
0.590936 -1.652931 0.683271
0.590936 -1.653819 0.683271
0.590936 -1.661947 0.683271
0.590936 -1.671821 0.683271
0.590936 -1.671821 0.683271
0.590936 -1.681821 0.683271
0.590936 -1.687952 0.683271
0.590936 -1.687952 0.683271
0.590714 -1.697952 0.683271
0.589826 -1.707952 0.683271
0.589826 -1.707952 0.683271
0.589603 -1.717952 0.683271
0.588881 -1.727577 0.683271
0.588881 -1.729131 0.683271
0.587494 -1.739131 0.683271
0.584775 -1.749131 0.683271
0.581724 -1.757175 0.683271
0.579338 -1.764969 0.683271
0.577618 -1.774969 0.683271
0.577618 -1.774969 0.683271
0.577618 -1.774969 0.683271
0.584248 -1.774969 0.683271
0.592959 -1.773415 0.683271
0.602959 -1.773415 0.683271
0.602959 -1.773415 0.683271
0.602959 -1.773415 0.683271
0.602959 -1.773415 0.683271
0.602959 -1.773415 0.683271
0.602959 -1.773415 0.683271
0.602959 -1.773415 0.683271
0.602959 -1.773415 0.683271
0.602959 -1.773415 0.683271
0.602959 -1.773415 0.683271
0.602959 -1.773415 0.683271
0.602959 -1.773415 0.683271
0.602959 -1.773415 0.683271
0.602959 -1.773415 0.683271
0.602959 -1.773415 0.683271
0.602959 -1.773415 0.683271
0.602959 -1.773415 0.683271
0.602959 -1.773415 0.683271
0.602959 -1.773415 0.683271
0.602959 -1.773415 0.683271
0.602959 -1.773415 0.683271
0.602959 -1.773415 0.683271
0.602959 -1.773415 0.683271
0.602959 -1.773415 0.683271
0.602959 -1.773415 0.683271
0.602959 -1.773415 0.683271
0.602959 -1.773415 0.683271
0.602959 -1.773415 0.683271
0.602959 -1.773415 0.683271
0.602959 -1.773415 0.683271
0.602959 -1.773415 0.683271
0.602959 -1.773415 0.683271
0.602959 -1.773415 0.683271
0.602959 -1.773415 0.683271
0.602959 -1.773415 0.683271
0.602959 -1.773415 0.683271
0.602959 -1.773415 0.683271
0.602959 -1.773415 0.683271
0.602959 -1.773415 0.683271
0.602959 -1.773415 0.683271
0.602959 -1.773415 0.683271
0.602959 -1.773415 0.683271
0.602959 -1.773415 0.683271
0.602959 -1.773415 0.683271
0.602959 -1.773415 0.683271
0.602959 -1.773415 0.683271
0.602959 -1.773415 0.683271
0.602959 -1.773415 0.683271
0.602959 -1.773415 0.683271
0.602959 -1.773415 0.683271
0.602959 -1.773415 0.683271
0.602959 -1.773415 0.683271
0.602959 -1.773415 0.683271
0.602959 -1.773415 0.683271
0.602959 -1.773415 0.683271
0.602959 -1.773415 0.683271
0.602959 -1.773415 0.683271
0.602959 -1.773415 0.683271
0.602959 -1.773415 0.683271
0.608091 -1.773415 0.683271
0.608091 -1.773415 0.683271
0.608091 -1.773415 0.683271
0.608091 -1.773415 0.683271
0.617384 -1.773415 0.683271
0.617384 -1.773415 0.683271
0.617384 -1.773415 0.683271
0.617384 -1.773415 0.683271
0.617384 -1.773415 0.683271
0.617384 -1.773415 0.683271
0.617384 -1.773415 0.683271
0.617384 -1.773415 0.683271
0.617384 -1.773415 0.683271
0.617384 -1.773415 0.683271
0.617384 -1.773415 0.683271
0.617384 -1.773415 0.683271
0.617384 -1.773415 0.683271
0.617384 -1.773415 0.683271
0.617384 -1.773415 0.683271
0.617384 -1.773415 0.683271
0.617384 -1.773415 0.683271
0.617384 -1.773415 0.683271
0.617384 -1.773415 0.683271
0.617384 -1.773415 0.683271
0.617384 -1.773415 0.683271
0.617384 -1.773415 0.683271
0.617384 -1.773415 0.683271
0.617384 -1.773415 0.683271
0.617384 -1.773415 0.683271
0.617384 -1.773415 0.683271
0.617384 -1.773415 0.683271
0.617384 -1.773415 0.683271
0.617384 -1.773415 0.683271
0.617384 -1.773415 0.683271
0.617384 -1.773415 0.683271
0.617384 -1.773415 0.683271
0.617384 -1.773415 0.683271
0.617384 -1.773415 0.683271
0.617384 -1.773415 0.683271
0.617384 -1.773415 0.683271
0.617384 -1.773415 0.683271
0.617384 -1.773415 0.683271
0.617384 -1.773415 0.683271
0.617384 -1.773415 0.683271
0.617384 -1.773415 0.683271
0.617384 -1.773415 0.683271
0.611337 -1.773415 0.683271
0.611337 -1.773415 0.683271
0.611337 -1.773415 0.683271
0.609534 -1.773415 0.683271
0.609534 -1.773415 0.683271
0.609534 -1.773415 0.683271
0.609534 -1.773415 0.683271
0.609534 -1.773415 0.683271
0.609534 -1.773415 0.683271
0.609534 -1.773415 0.683271
0.609534 -1.773415 0.683271
0.609534 -1.773415 0.683271
0.609534 -1.773415 0.683271
0.609534 -1.773415 0.683271
0.609534 -1.773415 0.683271
0.609534 -1.773415 0.683271
0.609534 -1.773415 0.683685
0.609534 -1.773415 0.687166
0.609534 -1.773415 0.694016
0.609534 -1.773415 0.694016
0.609534 -1.773415 0.694016
0.609534 -1.773415 0.694016
0.609534 -1.773415 0.694016
0.609534 -1.773415 0.694016
0.609534 -1.773415 0.694016
0.609534 -1.773415 0.687870
0.609534 -1.773415 0.685260
0.609534 -1.773415 0.685260
0.609534 -1.773415 0.675923
0.609534 -1.773415 0.675923
0.609534 -1.773415 0.669363
0.609534 -1.773415 0.665177
0.609534 -1.773415 0.665177
0.609534 -1.773415 0.665177
0.609534 -1.773415 0.665177
0.609534 -1.773415 0.665177
0.603736 -1.773415 0.665177
0.603736 -1.773415 0.665177
0.603736 -1.773415 0.665177
0.603736 -1.773415 0.665177
0.603736 -1.773415 0.665177
0.603736 -1.773415 0.665177
0.603736 -1.773415 0.665177
0.603736 -1.773415 0.665177
0.603736 -1.773415 0.665177
0.603736 -1.773415 0.665177
0.603736 -1.773415 0.665177
0.603736 -1.773415 0.665177
0.603736 -1.773415 0.665177
0.603736 -1.773415 0.665177
0.603736 -1.773415 0.665177
0.603736 -1.773415 0.665177
0.603736 -1.773415 0.665177
0.603736 -1.773415 0.665177
0.603736 -1.773415 0.665177
0.603736 -1.773415 0.665177
0.603736 -1.773415 0.665177
0.603736 -1.773415 0.665177
0.603736 -1.773415 0.665177
0.603736 -1.773415 0.665177
0.603736 -1.773415 0.665177
0.603736 -1.773415 0.665177
0.603736 -1.773415 0.665177
0.603736 -1.773415 0.665177
0.603736 -1.773415 0.665177
0.603736 -1.773415 0.665177
0.603736 -1.773415 0.665177
0.603736 -1.773415 0.665177
0.603736 -1.773415 0.665177
0.603736 -1.773415 0.665177
0.603736 -1.773415 0.665177
0.603736 -1.773415 0.665177
0.603736 -1.773415 0.665177
0.603736 -1.773415 0.665177
0.603736 -1.773415 0.665177
0.603736 -1.773415 0.665177
0.603736 -1.773415 0.665177
0.603736 -1.773415 0.665177
0.603736 -1.773415 0.665177
0.603736 -1.773415 0.665177
0.603736 -1.773415 0.665177
0.603736 -1.773415 0.665177
0.603736 -1.773415 0.665177
0.603736 -1.773415 0.665177
0.603736 -1.773415 0.665177
0.603736 -1.773415 0.665177
0.603736 -1.773415 0.665177
0.603736 -1.773415 0.665177
0.603736 -1.773415 0.665177
0.603736 -1.773415 0.665177
0.603736 -1.773415 0.665177
0.603736 -1.773415 0.659487
0.603736 -1.773415 0.659487
0.603736 -1.773415 0.657042
0.603736 -1.773415 0.648161
0.603736 -1.773415 0.648161
0.603736 -1.773415 0.638161
0.603736 -1.773415 0.638037
0.603736 -1.773415 0.628037
0.603736 -1.773415 0.625716
0.603736 -1.773415 0.625716
0.603736 -1.773415 0.621945
0.603736 -1.773415 0.612318
0.603736 -1.773415 0.612318
0.603736 -1.773415 0.612318
0.603736 -1.773415 0.612318
0.603736 -1.773415 0.612318
0.603736 -1.773415 0.612318
0.603736 -1.773415 0.608423
0.603736 -1.773415 0.608423
0.603736 -1.773415 0.608423
0.603736 -1.773415 0.608423
0.603736 -1.773415 0.608423
0.603736 -1.773415 0.608423
0.603736 -1.773415 0.608423
0.603736 -1.773415 0.608423
0.603736 -1.773415 0.608423
0.603736 -1.773415 0.608423
0.603736 -1.773415 0.608423
0.603736 -1.773415 0.608423
0.603736 -1.773415 0.608423
0.603736 -1.773415 0.608423
0.603736 -1.773415 0.608423
0.603736 -1.773415 0.608423
0.603736 -1.773415 0.608423
0.603736 -1.773415 0.608423
0.603736 -1.773415 0.608423
0.603736 -1.773415 0.608423
0.603736 -1.773415 0.608423
0.603736 -1.773415 0.608423
0.603736 -1.773415 0.608423
0.603736 -1.773415 0.608423
0.603736 -1.773415 0.608423
0.603736 -1.773415 0.608423
0.603736 -1.773415 0.608423
0.603736 -1.773415 0.608423
0.603736 -1.773415 0.608423
0.603736 -1.773415 0.608423
0.603736 -1.773415 0.608423
0.603736 -1.773415 0.608423
0.603736 -1.773415 0.608423
0.603736 -1.773415 0.608423
0.603736 -1.773415 0.608423
0.603736 -1.773415 0.608423
0.603736 -1.773415 0.608423
0.603736 -1.773415 0.608423
0.603736 -1.773415 0.608423
0.603736 -1.773415 0.608423
0.603736 -1.773415 0.608423
0.603736 -1.773415 0.608423
0.603736 -1.773415 0.608423
0.603736 -1.773415 0.608423
0.613445 -1.773415 0.608423
0.613445 -1.773415 0.608423
0.613445 -1.773415 0.608423
0.613445 -1.773415 0.608423
0.613445 -1.773415 0.608423
0.613445 -1.773415 0.608423
0.613445 -1.773415 0.608423
0.604236 -1.773415 0.608423
0.604236 -1.773415 0.608423
0.604236 -1.773415 0.608423
0.603098 -1.773415 0.608423
0.596885 -1.773415 0.608423
0.596885 -1.773415 0.608423
0.596885 -1.773415 0.608423
0.586885 -1.773415 0.608423
0.586885 -1.773415 0.608423
0.586885 -1.773415 0.608423
0.586885 -1.773415 0.608423
0.586885 -1.773415 0.608423
0.586885 -1.773415 0.608423
0.586885 -1.773415 0.608423
0.586885 -1.773415 0.608423
0.586885 -1.773415 0.608423
0.586885 -1.773415 0.608423
0.586885 -1.773415 0.608423
0.586885 -1.773415 0.608423
0.586885 -1.766701 0.608423
0.586885 -1.756701 0.608423
0.586885 -1.756701 0.608423
0.586885 -1.756701 0.608423
0.586885 -1.756701 0.608423
0.586885 -1.756701 0.608423
0.586885 -1.756701 0.608423
0.586885 -1.750154 0.608423
0.586885 -1.750154 0.608423
0.586885 -1.750154 0.608423
0.586885 -1.740154 0.608423
0.586885 -1.740154 0.608423
0.586885 -1.730154 0.608423
0.586885 -1.725937 0.608423
0.586885 -1.715937 0.608423
0.586829 -1.711220 0.608423
0.586829 -1.702510 0.608423
0.586829 -1.695463 0.608423
0.586107 -1.688750 0.608423
0.586107 -1.680206 0.608423
0.585385 -1.673908 0.608423
0.585385 -1.663908 0.608423
0.584331 -1.656945 0.608423
0.583692 -1.646945 0.608423
0.582388 -1.640481 0.608423
0.581750 -1.630481 0.608423
0.580196 -1.623768 0.608423
0.579557 -1.613768 0.608423
0.578503 -1.608219 0.608423
0.578280 -1.598219 0.608423
0.576893 -1.591672 0.608423
0.576005 -1.581672 0.608423
0.574701 -1.576124 0.608423
0.573812 -1.566124 0.608423
0.573174 -1.558828 0.608423
0.572535 -1.548828 0.608423
0.572146 -1.541864 0.608423
0.571674 -1.531864 0.608423
0.571674 -1.524818 0.608423
0.571674 -1.516024 0.608423
0.571674 -1.507813 0.608423
0.571674 -1.507813 0.608423
0.571674 -1.507813 0.608423
0.571674 -1.507813 0.608423
0.571674 -1.507813 0.608423
0.571674 -1.507813 0.608423
0.571674 -1.507813 0.608423
0.571674 -1.507813 0.608423
0.571674 -1.507813 0.608423
0.571674 -1.507813 0.608423
0.571674 -1.507813 0.608423
0.571674 -1.507813 0.608423
0.571674 -1.507813 0.608423
0.571674 -1.507813 0.608423
0.571674 -1.507813 0.608423
0.571674 -1.507813 0.608423
0.571674 -1.507813 0.609417
0.571674 -1.507813 0.610992
0.571674 -1.507813 0.613893
0.571674 -1.507813 0.617664
0.571674 -1.507813 0.622664
0.571674 -1.507813 0.627939
0.571674 -1.507813 0.633629
0.571674 -1.507813 0.639900
0.571674 -1.507813 0.646460
0.571674 -1.507813 0.653600
0.571674 -1.507813 0.661197
0.571674 -1.507813 0.669083
0.571674 -1.507813 0.677094
0.571674 -1.507813 0.677094
0.571674 -1.507813 0.677094
0.571674 -1.507813 0.677094
0.571674 -1.507813 0.677094
0.571674 -1.507813 0.677094
0.571674 -1.507813 0.677094
0.571674 -1.507813 0.677094
0.571674 -1.507813 0.677094
0.571674 -1.507813 0.677094
0.571674 -1.507813 0.677094
0.571674 -1.507813 0.677094
0.571674 -1.507813 0.677094
0.571674 -1.507813 0.677094
0.571674 -1.507813 0.677094
0.571674 -1.507813 0.677094
0.571674 -1.507813 0.677094
0.571674 -1.507813 0.677094
0.571674 -1.507813 0.677094
0.571674 -1.507813 0.677094
0.571674 -1.507813 0.677094
0.571674 -1.507813 0.677094
0.571674 -1.507813 0.677094
0.571674 -1.507813 0.677094
0.571674 -1.507813 0.677094
0.571674 -1.507813 0.677094
0.571674 -1.507813 0.677094
0.571674 -1.507813 0.677094
0.571674 -1.507813 0.677094
0.571674 -1.507813 0.677094
0.571674 -1.507813 0.677094
0.571674 -1.507813 0.677094
0.571674 -1.507813 0.677094
0.571674 -1.507813 0.677094
0.571674 -1.507813 0.677094
0.571674 -1.507813 0.677094
0.571674 -1.507813 0.677094
0.571674 -1.507813 0.677094
0.571674 -1.507813 0.677094
0.571674 -1.507813 0.677094
0.571674 -1.507813 0.677094
0.571674 -1.507813 0.677094
0.571674 -1.507813 0.677094
0.571674 -1.507813 0.677094
0.571674 -1.507813 0.677094
0.571674 -1.507813 0.677094
0.571674 -1.507813 0.677094
0.571674 -1.507813 0.677094
0.571674 -1.507813 0.677094
0.571674 -1.507813 0.677094
0.571674 -1.507813 0.677094
0.571674 -1.507813 0.677094
0.571674 -1.507813 0.677094
0.571674 -1.507813 0.677094
0.571674 -1.507813 0.677094
0.571674 -1.507813 0.677094
0.571674 -1.507813 0.677094
0.571674 -1.507813 0.677094
0.571674 -1.507813 0.677094
0.571674 -1.507813 0.677094
0.571674 -1.507813 0.677094
0.571674 -1.507813 0.677094
0.571674 -1.507813 0.677094
0.571674 -1.507813 0.677094
0.571674 -1.507813 0.677094
0.571674 -1.507813 0.677094
0.571674 -1.507813 0.677094
0.571674 -1.507813 0.677094
0.571674 -1.507813 0.677094
0.571674 -1.507813 0.677094
0.571674 -1.507813 0.677094
0.571674 -1.507813 0.677094
0.571674 -1.507813 0.677094
0.577056 -1.507813 0.677094
0.577056 -1.507813 0.677094
0.574421 -1.507813 0.677094
0.574421 -1.507813 0.677094
0.570870 -1.507813 0.677094
0.570870 -1.507813 0.677094
0.570870 -1.507813 0.677094
0.560870 -1.507813 0.677094
0.560870 -1.507813 0.677094
0.560870 -1.507813 0.677094
0.550870 -1.507813 0.677094
0.550870 -1.507813 0.677094
0.550870 -1.507813 0.677094
0.550870 -1.507813 0.677094
0.550870 -1.507813 0.677094
0.550870 -1.507813 0.677094
0.540870 -1.507813 0.677094
0.537319 -1.507813 0.677094
0.527319 -1.507813 0.677094
0.527319 -1.507813 0.677094
0.527319 -1.507813 0.677094
0.527319 -1.507813 0.677094
0.524850 -1.507756 0.677094
0.514850 -1.507756 0.677094
0.514850 -1.507756 0.677094
0.514850 -1.507756 0.677094
0.514850 -1.507756 0.677094
0.512381 -1.507756 0.677094
0.502381 -1.507756 0.677094
0.502381 -1.507756 0.677094
0.502381 -1.507756 0.677094
0.502381 -1.507756 0.677094
0.492381 -1.507756 0.677094
0.492381 -1.507756 0.677094
0.492381 -1.507756 0.677094
0.492381 -1.507756 0.677094
0.492381 -1.507756 0.677094
0.492381 -1.507756 0.683240
0.492381 -1.507756 0.687715
0.492381 -1.507756 0.697052
0.492381 -1.507756 0.707052
0.492381 -1.507756 0.707052
0.492381 -1.507756 0.707052
0.492381 -1.507756 0.707052
0.492381 -1.507756 0.707052
0.492381 -1.508311 0.707052
0.492381 -1.518311 0.707052
0.492381 -1.522445 0.707052
0.492687 -1.532445 0.707052
0.492687 -1.539491 0.707052
0.493160 -1.549491 0.707052
0.493160 -1.559491 0.707052
0.493160 -1.559491 0.707052
0.493160 -1.559491 0.707052
0.493160 -1.559491 0.707052
0.493160 -1.559491 0.707052
0.493160 -1.559491 0.707052
0.493160 -1.560296 0.707052
0.493160 -1.569754 0.707052
0.493160 -1.575801 0.707052
0.493716 -1.585801 0.707052
0.493716 -1.590351 0.707052
0.494023 -1.600351 0.707052
0.494023 -1.600351 0.707052
0.494023 -1.600351 0.707052
0.494023 -1.608395 0.707052
0.494023 -1.608395 0.707052
0.494023 -1.608395 0.707052
0.494023 -1.618395 0.707052
0.494023 -1.620282 0.707052
0.494023 -1.630282 0.707052
0.494023 -1.630282 0.707052
0.494023 -1.640282 0.707052
0.494023 -1.647161 0.707052
0.494023 -1.647161 0.707052
0.494023 -1.647161 0.707052
0.494023 -1.647161 0.707052
0.494023 -1.647161 0.707052
0.494023 -1.647161 0.707052
0.494023 -1.647161 0.707052
0.494023 -1.647161 0.707052
0.494023 -1.647161 0.707052
0.494023 -1.647161 0.707052
0.494023 -1.647161 0.707052
0.494023 -1.651045 0.707052
0.494023 -1.655594 0.707052
0.494023 -1.665594 0.707052
0.493634 -1.670643 0.707052
0.493634 -1.680643 0.707052
0.493690 -1.690643 0.707052
0.493690 -1.700643 0.707052
0.493690 -1.700643 0.707052
0.493690 -1.700643 0.707052
0.493690 -1.700643 0.707052
0.493690 -1.706939 0.707052
0.493690 -1.706939 0.707052
0.493690 -1.716939 0.707052
0.493690 -1.721738 0.707052
0.493301 -1.731738 0.707052
0.493301 -1.741738 0.707052
0.493301 -1.741795 0.707052
0.493358 -1.751795 0.707052
0.493358 -1.761795 0.707052
0.493358 -1.761795 0.707052
0.493358 -1.770754 0.707052
0.493358 -1.770754 0.707052
0.493358 -1.772308 0.707052
0.490723 -1.779686 0.707052
0.490723 -1.779686 0.707052
0.490723 -1.779686 0.707052
0.490723 -1.779686 0.707052
0.490723 -1.781573 0.707052
0.490723 -1.784292 0.707052
0.490723 -1.784292 0.707052
0.490723 -1.784292 0.707052
0.490723 -1.788009 0.707052
0.490723 -1.788009 0.707052
0.490723 -1.788009 0.707052
0.490723 -1.788009 0.707052
0.490723 -1.788009 0.707052
0.490723 -1.788009 0.707052
0.490723 -1.788009 0.707052
0.490723 -1.788009 0.707052
0.490723 -1.788009 0.707052
0.490723 -1.788009 0.707052
0.490723 -1.788009 0.707052
0.490723 -1.788009 0.707052
0.490723 -1.788009 0.707052
0.490723 -1.788009 0.707052
0.490723 -1.788009 0.707052
0.490723 -1.788009 0.707052
0.490723 -1.788009 0.707052
0.490723 -1.788009 0.707052
0.490723 -1.788009 0.707052
0.490723 -1.788009 0.707052
0.490723 -1.788009 0.707052
0.490723 -1.788009 0.707052
0.495439 -1.788009 0.707052
0.495439 -1.788009 0.707052
0.495439 -1.788009 0.707052
0.495439 -1.788009 0.707052
0.495439 -1.788009 0.707052
0.495439 -1.788009 0.707052
0.497909 -1.788009 0.707052
0.497909 -1.788009 0.707052
0.497909 -1.788009 0.707052
0.497909 -1.788009 0.707052
0.497909 -1.788009 0.707052
0.497909 -1.788009 0.707052
0.497909 -1.788009 0.707052
0.497909 -1.788009 0.707052
0.497909 -1.788009 0.707052
0.497909 -1.788009 0.707052
0.497909 -1.788009 0.707052
0.497909 -1.788009 0.707052
0.497909 -1.788009 0.707052
0.497909 -1.788009 0.707052
0.497909 -1.788009 0.707052
0.497909 -1.788009 0.707052
0.497909 -1.788009 0.707052
0.497909 -1.788009 0.707052
0.497909 -1.788009 0.707052
0.497909 -1.788009 0.707052
0.497909 -1.788009 0.707052
0.497909 -1.788009 0.707052
0.497909 -1.788009 0.707052
0.497909 -1.788009 0.707052
0.497909 -1.788009 0.707052
0.497909 -1.788009 0.707052
0.497909 -1.788009 0.707052
0.497909 -1.788009 0.707052
0.497909 -1.788009 0.707052
0.497909 -1.788009 0.707052
0.497909 -1.788009 0.707052
0.497909 -1.788009 0.707052
0.497909 -1.788009 0.707052
0.497909 -1.788009 0.707052
0.497909 -1.788009 0.707052
0.497909 -1.788009 0.707052
0.497909 -1.788009 0.707052
0.497909 -1.788009 0.707052
0.497909 -1.788009 0.707052
0.497909 -1.788009 0.707052
0.497909 -1.788009 0.707052
0.497909 -1.788009 0.707052
0.497909 -1.788009 0.707052
0.497909 -1.788009 0.707052
0.497909 -1.788009 0.707052
0.497909 -1.788009 0.707052
0.497909 -1.788009 0.707052
0.497909 -1.788009 0.707052
0.497909 -1.788009 0.707052
0.497909 -1.788009 0.707052
0.497909 -1.788009 0.707052
0.497909 -1.788009 0.707052
0.497909 -1.788009 0.707052
0.497909 -1.788009 0.707052
0.497909 -1.788009 0.707052
0.497909 -1.788009 0.707052
0.497909 -1.788009 0.707052
0.497909 -1.788009 0.707052
0.497909 -1.788009 0.707052
0.497909 -1.788009 0.707052
0.497909 -1.788009 0.707052
0.497909 -1.788009 0.707052
0.497909 -1.788009 0.707052
0.497909 -1.788009 0.707052
0.497909 -1.788009 0.707052
0.497909 -1.788009 0.707052
0.497909 -1.788009 0.707052
0.497909 -1.788009 0.707052
0.497909 -1.788009 0.707052
0.497909 -1.788009 0.707052
0.497909 -1.788009 0.707052
0.497909 -1.788009 0.707052
0.497909 -1.788009 0.707052
0.497909 -1.788009 0.707052
0.497909 -1.788009 0.707052
0.497909 -1.788009 0.707052
0.497909 -1.788009 0.707052
0.497909 -1.788009 0.707052
0.497909 -1.788009 0.707052
0.497909 -1.788009 0.707052
0.497909 -1.788009 0.707052
0.497909 -1.788009 0.707052
0.497909 -1.788009 0.707052
0.497909 -1.788009 0.707052
0.497909 -1.788009 0.707052
0.497909 -1.788009 0.707052
0.497909 -1.788009 0.707052
0.497909 -1.788009 0.707052
0.497909 -1.788009 0.707052
0.504789 -1.788009 0.707052
0.504789 -1.788009 0.707052
0.504789 -1.788009 0.707052
0.504789 -1.788009 0.707052
0.504789 -1.788009 0.707052
0.504789 -1.788009 0.707052
0.504789 -1.788009 0.707052
0.504789 -1.788009 0.707052
0.504789 -1.788009 0.707052
0.504789 -1.788009 0.707052
0.504789 -1.788009 0.707052
0.504789 -1.788009 0.706348
0.504789 -1.788009 0.706348
0.504789 -1.788009 0.696348
0.504789 -1.788009 0.691872
0.504789 -1.788009 0.691872
0.504789 -1.788009 0.681872
0.504789 -1.788009 0.681872
0.504789 -1.788009 0.671872
0.504789 -1.788009 0.671582
0.504789 -1.788009 0.671582
0.504789 -1.788009 0.661582
0.504789 -1.788009 0.659552
0.504789 -1.788009 0.659552
0.504789 -1.788009 0.657397
0.504789 -1.788009 0.647397
0.504789 -1.788009 0.647397
0.504789 -1.788009 0.647397
0.504789 -1.788009 0.637397
0.504789 -1.788009 0.635947
0.504789 -1.788009 0.635947
0.504789 -1.788009 0.627936
0.504789 -1.788009 0.622826
0.504789 -1.788009 0.622826
0.504789 -1.788009 0.622826
0.504789 -1.788009 0.614525
0.504789 -1.788009 0.614525
0.504789 -1.788009 0.614525
0.504789 -1.788009 0.614525
0.504789 -1.788009 0.614525
0.504789 -1.788009 0.614525
0.504789 -1.788009 0.614525
0.504789 -1.788009 0.614525
0.504789 -1.788009 0.614525
0.504789 -1.788009 0.614525
0.504789 -1.788009 0.614525
0.504789 -1.788009 0.614525
0.504789 -1.788009 0.614525
0.504789 -1.788009 0.614525
0.504789 -1.788009 0.614525
0.504789 -1.788009 0.614525
0.504789 -1.788009 0.614525
0.504789 -1.788009 0.614525
0.504789 -1.788009 0.614525
0.504789 -1.788009 0.614525
0.504789 -1.788009 0.614525
0.504789 -1.788009 0.614525
0.504789 -1.788009 0.614525
0.504789 -1.788009 0.614525
0.504789 -1.788009 0.614525
0.504789 -1.788009 0.614525
0.504789 -1.788009 0.614525
0.504789 -1.788009 0.614525
0.504789 -1.788009 0.614525
0.504789 -1.788009 0.614525
0.504789 -1.788009 0.614525
0.504789 -1.788009 0.614525
0.504789 -1.788009 0.614525
0.504789 -1.788009 0.614525
0.504789 -1.788009 0.614525
0.504789 -1.788009 0.614525
0.504789 -1.788009 0.614525
0.504789 -1.788009 0.614525
0.504789 -1.788009 0.614525
0.504789 -1.788009 0.614525
0.504789 -1.788009 0.614525
0.504789 -1.788009 0.614525
0.504789 -1.788009 0.614525
0.504789 -1.788009 0.614525
0.504789 -1.788009 0.614525
0.504789 -1.788009 0.614525
0.504789 -1.788009 0.614525
0.504789 -1.788009 0.614525
0.504789 -1.788009 0.614525
0.504789 -1.788009 0.614525
0.504789 -1.788009 0.614525
0.504789 -1.788009 0.614525
0.504789 -1.788009 0.614525
0.504733 -1.785706 0.614525
0.504733 -1.784983 0.614525
0.504733 -1.784983 0.614525
0.504733 -1.784983 0.614525
0.504011 -1.783013 0.614525
0.504011 -1.782041 0.614525
0.504011 -1.782041 0.614525
0.504011 -1.781485 0.614525
0.503622 -1.771485 0.614525
0.503622 -1.771485 0.614525
0.503622 -1.764272 0.614525
0.503622 -1.759306 0.614525
0.503622 -1.759306 0.614525
0.503622 -1.759306 0.614525
0.503622 -1.759306 0.614525
0.503622 -1.759306 0.614525
0.503622 -1.759306 0.614525
0.503622 -1.759306 0.614525
0.503622 -1.769306 0.614525
0.503622 -1.769306 0.614525
0.503622 -1.769306 0.614525
0.503622 -1.770444 0.614525
0.503622 -1.770500 0.614525
0.503622 -1.770500 0.614525
0.503622 -1.770500 0.614525
0.503622 -1.770500 0.614525
0.503622 -1.770500 0.614525
0.503622 -1.770500 0.614525
0.503622 -1.770500 0.614525
0.503622 -1.770500 0.614525
0.503622 -1.770500 0.614525
0.503622 -1.770500 0.614525
0.503622 -1.770500 0.614525
0.503622 -1.770500 0.614525
0.503622 -1.770500 0.614525
0.503622 -1.770500 0.614525
0.503622 -1.770500 0.614525
0.503622 -1.770500 0.614525
0.503622 -1.770500 0.614525
0.503622 -1.770500 0.614525
0.503622 -1.770500 0.614525
0.503622 -1.770500 0.614525
0.503622 -1.770500 0.614525
0.503622 -1.770500 0.614525
0.503622 -1.770500 0.614525
0.503622 -1.770500 0.614525
0.503622 -1.770500 0.614525
0.503622 -1.770500 0.614525
0.503622 -1.770500 0.614525
0.503622 -1.770500 0.614525
0.503622 -1.770500 0.614525
0.503622 -1.770500 0.614525
0.503622 -1.770500 0.614525
0.503622 -1.770500 0.614525
0.503622 -1.770500 0.614525
0.503622 -1.770500 0.614525
0.503622 -1.770500 0.614525
0.503622 -1.770500 0.614525
0.503622 -1.770500 0.614525
0.503622 -1.770500 0.614525
0.503622 -1.770500 0.614525
0.503622 -1.770500 0.614525
0.503622 -1.770500 0.614525
0.503622 -1.770500 0.614525
0.503622 -1.771305 0.614525
0.503622 -1.773524 0.614525
0.500987 -1.782983 0.614525
0.500987 -1.782983 0.614525
0.500987 -1.782983 0.614525
0.500987 -1.782983 0.614525
0.500987 -1.782983 0.614525
0.500987 -1.782983 0.614525
0.500987 -1.782983 0.614525
0.500987 -1.780763 0.614525
0.500099 -1.771054 0.614525
0.500099 -1.771054 0.614525
0.500099 -1.771054 0.614525
0.500099 -1.771054 0.614525
0.500099 -1.771054 0.614525
0.500099 -1.771054 0.614525
0.500099 -1.771054 0.614525
0.500099 -1.771942 0.614525
0.500099 -1.771942 0.614525
0.500099 -1.771942 0.614525
0.500099 -1.771942 0.614525
0.500099 -1.771942 0.614525
0.500099 -1.771942 0.614525
0.500099 -1.771942 0.614525
0.500099 -1.771942 0.614525
0.510099 -1.771386 0.614525
0.510099 -1.771386 0.614525
0.510099 -1.771386 0.614525
0.510099 -1.771386 0.614525
0.510099 -1.771386 0.614525
0.510099 -1.771386 0.614525
0.510099 -1.771386 0.614525
0.510099 -1.765588 0.614525
0.510099 -1.755629 0.614525
0.510099 -1.745629 0.614525
0.510043 -1.735629 0.614525
0.510043 -1.735629 0.614525
0.510043 -1.735629 0.614525
0.510043 -1.735629 0.614525
0.510043 -1.727169 0.614525
0.507990 -1.722702 0.614525
0.507990 -1.722702 0.614525
0.507990 -1.712702 0.614525
0.507517 -1.710731 0.614525
0.507517 -1.710731 0.614525
0.507517 -1.710675 0.614525
0.507517 -1.700675 0.614525
0.507517 -1.700675 0.614525
0.507517 -1.690675 0.614525
0.506130 -1.685875 0.614525
0.506130 -1.685875 0.614525
0.506130 -1.675875 0.614525
0.506130 -1.675875 0.614525
0.506130 -1.665875 0.614525
0.505658 -1.665875 0.614525
0.505658 -1.655875 0.614525
0.504936 -1.653156 0.614525
0.504936 -1.645860 0.614525
0.504936 -1.635860 0.614525
0.503798 -1.630311 0.614525
0.503798 -1.620311 0.614525
0.502078 -1.617841 0.614525
0.502078 -1.607841 0.614525
0.500109 -1.603375 0.614525
0.500109 -1.603375 0.614525
0.499720 -1.595163 0.614525
0.499720 -1.589116 0.614525
0.499720 -1.589116 0.614525
0.499720 -1.589116 0.614525
0.499720 -1.589116 0.614525
0.499720 -1.589116 0.614525
0.499720 -1.589116 0.614525
0.499720 -1.589116 0.614525
0.499720 -1.589116 0.614525
0.499720 -1.589116 0.614525
0.499720 -1.589116 0.614525
0.499720 -1.589116 0.614525
0.499720 -1.589116 0.614525
0.499720 -1.589116 0.614525
0.499720 -1.589116 0.614525
0.499720 -1.589116 0.614525
0.499720 -1.589116 0.614525
0.499720 -1.589116 0.614525
0.499720 -1.589116 0.614525
0.499720 -1.589116 0.614525
0.499720 -1.589116 0.614525
0.499720 -1.589116 0.614525
0.499720 -1.589116 0.614525
0.499720 -1.589116 0.614525
0.499720 -1.589116 0.614525
0.499720 -1.589116 0.614525
0.499720 -1.589116 0.614525
0.499720 -1.589116 0.614525
0.499720 -1.589116 0.614525
0.499720 -1.589116 0.614525
0.499720 -1.589116 0.614525
0.499720 -1.589116 0.614525
0.499720 -1.589116 0.614525
0.499720 -1.589116 0.614525
0.499720 -1.589116 0.614525
0.499720 -1.589116 0.614525
0.499720 -1.589116 0.614525
0.499720 -1.589116 0.614525
0.499720 -1.589116 0.614525
0.499720 -1.589116 0.614525
0.499720 -1.589116 0.614525
0.499720 -1.589116 0.614525
0.499720 -1.589116 0.614525
0.499720 -1.589116 0.614525
0.499720 -1.589116 0.614525
0.499720 -1.589116 0.614525
0.499720 -1.589116 0.614525
