0.316231 -1.645617 0.626198
0.316231 -1.645617 0.626198
0.316231 -1.645617 0.626198
0.316231 -1.645617 0.626198
0.316231 -1.645617 0.626198
0.316231 -1.645617 0.626198
0.316231 -1.645617 0.626198
0.316231 -1.645617 0.626198
0.316231 -1.645617 0.626198
0.316231 -1.645617 0.626198
0.316231 -1.645617 0.626198
0.316231 -1.645617 0.626198
0.316231 -1.645617 0.626198
0.316231 -1.645617 0.626198
0.316231 -1.645617 0.626198
0.316231 -1.645617 0.626198
0.316231 -1.645617 0.626198
0.316231 -1.645617 0.626198
0.316231 -1.645617 0.626198
0.316231 -1.645617 0.626198
0.316231 -1.645617 0.626198
0.316231 -1.645617 0.626198
0.316231 -1.645617 0.626198
0.316231 -1.645617 0.626198
0.316231 -1.645617 0.626198
0.316231 -1.645617 0.626198
0.316231 -1.645617 0.626198
0.316231 -1.645617 0.626198
0.316231 -1.645617 0.626198
0.316231 -1.645617 0.626198
0.316231 -1.645617 0.626198
0.316231 -1.645617 0.626198
0.316231 -1.645617 0.626198
0.316231 -1.645617 0.626198
0.316231 -1.645617 0.626198
0.316231 -1.645617 0.626198
0.316231 -1.645617 0.626198
0.316231 -1.645617 0.626198
0.316231 -1.645617 0.626198
0.316231 -1.645617 0.626198
0.316231 -1.645617 0.626198
0.316231 -1.645617 0.626198
0.316231 -1.645617 0.626198
0.316231 -1.645617 0.626198
0.316231 -1.645617 0.626198
0.316231 -1.645617 0.626198
0.316231 -1.645617 0.626198
0.316231 -1.645617 0.626198
0.316231 -1.645617 0.626198
0.316231 -1.645617 0.626198
0.316231 -1.645617 0.626198
0.316231 -1.645617 0.626198
0.316231 -1.645617 0.626198
0.316231 -1.645617 0.626198
0.316231 -1.645617 0.626198
0.316231 -1.645617 0.626198
0.316231 -1.645617 0.626198
0.316231 -1.645617 0.626198
0.316231 -1.645617 0.626198
0.316231 -1.645617 0.626198
0.316231 -1.645617 0.626198
0.316231 -1.645617 0.626198
0.316231 -1.645617 0.626198
0.316231 -1.645617 0.626198
0.316231 -1.645617 0.626198
0.316231 -1.645617 0.626198
0.316231 -1.645617 0.626198
0.316231 -1.645617 0.626198
0.316231 -1.645617 0.626198
0.316231 -1.645617 0.626198
0.316231 -1.645617 0.626198
0.314806 -1.636716 0.622230
0.313695 -1.626793 0.628256
0.312178 -1.616898 0.625290
0.312178 -1.616898 0.625290
0.312629 -1.616867 0.635280
0.311250 -1.607963 0.632311
0.309914 -1.598055 0.633341
0.310139 -1.598040 0.638336
0.308803 -1.588133 0.639366
0.308803 -1.588133 0.639366
0.305948 -1.568331 0.637431
0.304567 -1.558427 0.637462
0.303320 -1.548513 0.640490
0.302209 -1.538591 0.646516
0.302480 -1.538572 0.652509
0.302751 -1.538553 0.658503
0.303292 -1.538515 0.670491
0.303972 -1.539468 0.682476
0.304923 -1.540402 0.700454
0.302704 -1.521556 0.709504
0.302318 -1.512583 0.728513
0.299960 -1.492746 0.737566
0.300773 -1.492690 0.755548
0.299707 -1.482764 0.762572
0.299707 -1.482764 0.762572
0.299707 -1.482764 0.762572
0.298190 -1.472869 0.759606
0.294517 -1.451124 0.745689
0.292772 -1.440246 0.740729
0.288916 -1.417514 0.725816
0.285061 -1.394782 0.710904
0.281205 -1.372049 0.695991
0.279050 -1.360199 0.685040
0.278641 -1.359228 0.679049
0.279662 -1.369157 0.671026
0.282838 -1.390936 0.673954
0.288123 -1.424569 0.686834
0.289869 -1.435448 0.691795
0.293453 -1.458199 0.700714
0.295016 -1.468090 0.704678
0.295016 -1.468090 0.704678
0.296762 -1.478969 0.709639
0.296536 -1.478985 0.704644
0.298191 -1.489870 0.707606
0.297966 -1.489885 0.702611
0.297695 -1.489904 0.696618
0.297695 -1.489904 0.696618
0.298893 -1.498821 0.695590
0.298623 -1.498840 0.689597
0.298352 -1.498859 0.683603
0.298352 -1.498859 0.683603
0.298352 -1.498859 0.683603
0.298352 -1.498859 0.683603
0.298352 -1.498859 0.683603
0.298352 -1.498859 0.683603
0.298352 -1.498859 0.683603
0.298352 -1.498859 0.683603
0.298352 -1.498859 0.683603
0.298352 -1.498859 0.683603
0.298352 -1.498859 0.683603
0.298352 -1.498859 0.683603
0.298352 -1.498859 0.683603
0.298352 -1.498859 0.683603
0.298352 -1.498859 0.683603
0.298352 -1.498859 0.683603
0.298352 -1.498859 0.683603
0.298352 -1.498859 0.683603
0.298352 -1.498859 0.683603
0.298352 -1.498859 0.683603
0.298352 -1.498859 0.683603
0.298352 -1.498859 0.683603
0.298352 -1.498859 0.683603
0.298352 -1.498859 0.683603
0.298352 -1.498859 0.683603
0.298352 -1.498859 0.683603
0.298352 -1.498859 0.683603
0.298352 -1.498859 0.683603
0.344112 -1.458137 0.681407
0.359505 -1.460026 0.680717
0.379707 -1.460234 0.679805
0.412240 -1.447612 0.678295
0.420316 -1.440426 0.677908
0.439252 -1.438791 0.677047
0.459178 -1.437018 0.676141
0.474709 -1.439897 0.675448
0.509177 -1.441141 0.673895
0.542656 -1.442523 0.672386
0.553517 -1.448074 0.671913
0.585437 -1.496120 0.670622
0.599134 -1.543683 0.670152
0.595597 -1.590623 0.670460
0.549749 -1.659628 0.672748
0.526374 -1.680058 0.673869
0.515651 -1.675497 0.674339
0.495057 -1.665248 0.675237
0.482676 -1.648802 0.675745
0.475357 -1.639727 0.676047
0.472572 -1.626990 0.676133
0.467138 -1.602507 0.676302
0.464352 -1.589770 0.676387
0.466099 -1.573370 0.676257
0.472333 -1.567451 0.675957
0.487589 -1.568349 0.675270
0.491270 -1.565816 0.675096
0.501993 -1.570376 0.674626
0.520929 -1.568741 0.673765
0.535471 -1.571759 0.673117
0.545343 -1.577448 0.672689
0.557724 -1.593893 0.672181
0.566700 -1.614853 0.671842
0.565048 -1.646384 0.672015
0.553292 -1.656104 0.672577
0.541673 -1.666814 0.673136
0.523727 -1.668311 0.673952
0.497837 -1.634568 0.675015
0.485842 -1.584749 0.675401
0.477623 -1.547528 0.675655
0.474699 -1.533800 0.675744
0.474699 -1.533800 0.675744
0.474699 -1.533800 0.675744
0.474699 -1.533800 0.675744
0.474699 -1.533800 0.675744
0.474699 -1.533800 0.675744
0.474699 -1.533800 0.675744
0.474699 -1.533800 0.675744
0.474699 -1.533800 0.675744
0.474699 -1.533800 0.675744
0.474699 -1.533800 0.675744
0.474699 -1.533800 0.675744
0.474699 -1.533800 0.675744
0.474699 -1.533800 0.675744
0.474699 -1.533800 0.675744
0.474699 -1.533800 0.675744
0.474699 -1.533800 0.675744
0.474699 -1.533800 0.675744
0.474699 -1.533800 0.675744
0.474699 -1.533800 0.675744
0.474699 -1.533800 0.675744
0.474699 -1.533800 0.675744
0.474699 -1.533800 0.675744
0.474699 -1.533800 0.675744
0.474699 -1.533800 0.675744
0.474699 -1.533800 0.675744
0.474699 -1.533800 0.675744
0.474699 -1.533800 0.675744
0.474699 -1.533800 0.675744
0.474699 -1.533800 0.675744
0.474699 -1.533800 0.675744
0.474699 -1.533800 0.675744
0.474699 -1.533800 0.675744
0.474699 -1.533800 0.675744
0.474699 -1.533800 0.675744
0.474699 -1.533800 0.675744
0.474699 -1.533800 0.675744
0.474699 -1.533800 0.675744
0.474699 -1.533800 0.675744
0.474699 -1.533800 0.675744
0.474699 -1.533800 0.675744
0.474699 -1.533800 0.675744
0.474699 -1.533800 0.675744
0.474699 -1.533800 0.675744
0.474699 -1.533800 0.675744
0.474699 -1.533800 0.675744
0.474699 -1.533800 0.675744
0.504564 -1.529711 0.700408
0.511088 -1.528841 0.713124
0.517208 -1.528069 0.738872
0.523509 -1.527284 0.768615
0.528099 -1.526687 0.782420
0.540156 -1.525085 0.807897
0.556979 -1.522805 0.829152
0.581265 -1.519450 0.840057
0.592284 -1.517921 0.842557
0.609822 -1.515452 0.835751
0.622278 -1.513684 0.826173
0.633789 -1.512051 0.817639
0.646019 -1.510299 0.803067
0.646241 -1.510214 0.786039
0.636163 -1.511539 0.760472
0.624603 -1.513106 0.745984
0.613042 -1.514674 0.731496
0.595772 -1.517054 0.722274
0.583718 -1.518725 0.718820
0.571711 -1.520393 0.716364
0.559928 -1.522045 0.718904
0.548146 -1.523697 0.721444
0.541224 -1.524733 0.743782
0.541766 -1.524696 0.755770
0.552562 -1.523251 0.775298
0.563852 -1.521702 0.783792
0.587420 -1.518468 0.800735
0.604691 -1.516087 0.809958
0.610717 -1.515252 0.811685
0.628526 -1.512764 0.810872
0.645748 -1.510318 0.797073
0.657259 -1.508684 0.788540
0.668771 -1.507051 0.780006
0.675245 -1.506115 0.769700
0.675693 -1.506015 0.757667
0.675915 -1.505930 0.740640
0.671370 -1.506524 0.727834
0.666108 -1.507237 0.721067
0.665566 -1.507274 0.709079
0.654276 -1.508823 0.700585
0.649014 -1.509536 0.693818
0.636960 -1.511206 0.690363
0.630979 -1.512039 0.689635
0.619915 -1.513571 0.686136
0.607414 -1.515343 0.694715
0.595185 -1.517095 0.709287
0.595455 -1.517076 0.715281
0.595008 -1.517177 0.727314
0.594786 -1.517262 0.744341
0.599330 -1.516668 0.757148
0.599601 -1.516649 0.763141
0.605853 -1.515798 0.769863
0.610890 -1.515101 0.771636
0.622898 -1.513433 0.774091
0.634906 -1.511765 0.776546
0.640662 -1.510949 0.772279
0.651948 -1.509331 0.758751
0.658422 -1.508395 0.748445
0.658870 -1.508295 0.736412
0.653336 -1.509027 0.723651
0.642046 -1.510575 0.715157
0.624776 -1.512956 0.705935
0.613712 -1.514489 0.702436
0.601704 -1.516156 0.699980
0.589696 -1.517824 0.697525
0.571661 -1.520327 0.693343
0.559834 -1.521982 0.694883
0.548097 -1.523631 0.698422
0.547875 -1.523716 0.715450
0.558717 -1.522268 0.735977
0.564025 -1.521552 0.743743
0.570277 -1.520701 0.750465
0.576078 -1.519881 0.747197
0.587815 -1.518232 0.743659
0.606342 -1.515625 0.736807
0.618079 -1.513977 0.733268
0.629320 -1.512362 0.718741
0.629768 -1.512262 0.706708
0.619197 -1.513691 0.692175
0.613934 -1.514404 0.685408
0.613934 -1.514404 0.685408
0.613934 -1.514404 0.685408
0.613934 -1.514404 0.685408
0.613934 -1.514404 0.685408
0.613934 -1.514404 0.685408
0.613934 -1.514404 0.685408
0.613934 -1.514404 0.685408
0.613934 -1.514404 0.685408
0.613934 -1.514404 0.685408
0.613934 -1.514404 0.685408
0.613934 -1.514404 0.685408
0.613934 -1.514404 0.685408
0.613934 -1.514404 0.685408
0.613934 -1.514404 0.685408
0.613934 -1.514404 0.685408
0.613934 -1.514404 0.685408
0.613934 -1.514404 0.685408
0.613934 -1.514404 0.685408
0.613934 -1.514404 0.685408
0.613934 -1.514404 0.685408
0.613934 -1.514404 0.685408
0.613934 -1.514404 0.685408
0.613934 -1.514404 0.685408
0.613934 -1.514404 0.685408
0.613934 -1.514404 0.685408
0.613934 -1.514404 0.685408
0.613934 -1.514404 0.685408
0.613934 -1.514404 0.685408
0.613934 -1.514404 0.685408
0.613934 -1.514404 0.685408
