0.316040 -1.645600 0.626130
0.316040 -1.645600 0.626130
0.316040 -1.645600 0.626130
0.316040 -1.645600 0.626130
0.316040 -1.645600 0.626130
0.316040 -1.645600 0.626130
0.318842 -1.635600 0.626130
0.320397 -1.628304 0.626130
0.320397 -1.628304 0.626130
0.320397 -1.628081 0.626130
0.320397 -1.628081 0.626130
0.320397 -1.628081 0.626130
0.320397 -1.628081 0.626130
0.320397 -1.628081 0.626130
0.320397 -1.628081 0.626130
0.320397 -1.628081 0.626130
0.320174 -1.628470 0.626130
0.320174 -1.628470 0.626130
0.320174 -1.628470 0.626130
0.320174 -1.628470 0.626130
0.320174 -1.628470 0.626130
0.320174 -1.628470 0.626130
0.320174 -1.628470 0.626130
0.320174 -1.628470 0.626130
0.320174 -1.628470 0.626130
0.320174 -1.628470 0.626130
0.320174 -1.628470 0.626130
0.320174 -1.628470 0.626130
0.320174 -1.628470 0.626130
0.320174 -1.628470 0.626130
0.320174 -1.628470 0.626130
0.320174 -1.628470 0.626130
0.320174 -1.628470 0.626130
0.320174 -1.628470 0.626130
0.320174 -1.628470 0.626130
0.320174 -1.628470 0.626130
0.320174 -1.628470 0.626130
0.320174 -1.628470 0.626130
0.320174 -1.628470 0.626130
0.320174 -1.628470 0.626130
0.320174 -1.628470 0.626130
0.320174 -1.628470 0.626130
0.320174 -1.628470 0.626130
0.320174 -1.628470 0.626130
0.320174 -1.628470 0.626130
0.320174 -1.628470 0.626130
0.320174 -1.628470 0.626130
0.320174 -1.628470 0.626130
0.320174 -1.628470 0.626130
0.320174 -1.628470 0.626130
0.320174 -1.628470 0.626130
0.320174 -1.628470 0.626130
0.320174 -1.628470 0.626130
0.320174 -1.628470 0.626130
0.320174 -1.628470 0.626130
0.320174 -1.628470 0.626130
0.320174 -1.628470 0.626130
0.320174 -1.628470 0.626130
0.320174 -1.628470 0.626130
0.320174 -1.628470 0.626130
0.320174 -1.628470 0.626130
0.320174 -1.628470 0.626130
0.320174 -1.628470 0.626130
0.320174 -1.628470 0.626130
0.320174 -1.628470 0.626130
0.320174 -1.628470 0.626130
0.320174 -1.628470 0.626130
0.320174 -1.628470 0.626130
0.320174 -1.628470 0.626130
0.320174 -1.628470 0.626130
0.320174 -1.628470 0.626130
0.320174 -1.628470 0.626130
0.320174 -1.628470 0.626130
0.320174 -1.628470 0.626130
0.320174 -1.628470 0.626130
0.320174 -1.628470 0.626130
0.320174 -1.628470 0.626130
0.320174 -1.628470 0.626130
0.320174 -1.628470 0.626130
0.320174 -1.628470 0.626130
0.320174 -1.628470 0.626130
0.320174 -1.628470 0.626130
0.320174 -1.628470 0.626130
0.320174 -1.628470 0.626130
0.320174 -1.628470 0.626130
0.320174 -1.628470 0.626130
0.320174 -1.628470 0.626130
0.320174 -1.628470 0.626130
0.320174 -1.628470 0.626130
0.320174 -1.628470 0.626130
0.320174 -1.628470 0.626130
0.320174 -1.628470 0.626130
0.320174 -1.628470 0.626130
0.320174 -1.628470 0.626130
0.320174 -1.628470 0.626130
0.320174 -1.628470 0.626130
0.320174 -1.628470 0.626130
0.320174 -1.628470 0.626130
0.320174 -1.628470 0.626130
0.320174 -1.628470 0.626130
0.320174 -1.628470 0.626130
0.320174 -1.628470 0.626130
0.320174 -1.628470 0.626130
0.320174 -1.628470 0.626130
0.320174 -1.628470 0.626130
0.320174 -1.628470 0.626130
0.320174 -1.628470 0.626130
0.320174 -1.628470 0.626130
0.320174 -1.628470 0.626130
0.320174 -1.628470 0.626130
0.320174 -1.628470 0.626130
0.320174 -1.628470 0.626130
0.320174 -1.628470 0.626130
0.320174 -1.628692 0.626130
0.320174 -1.632160 0.626130
0.320314 -1.640537 0.626130
0.320787 -1.650537 0.626130
0.321925 -1.650537 0.626130
0.321982 -1.660537 0.626130
0.322039 -1.668664 0.626130
0.322928 -1.678539 0.626130
0.323900 -1.679344 0.626130
0.325953 -1.689344 0.626130
0.327341 -1.689344 0.626130
0.328230 -1.699344 0.626130
0.328230 -1.703810 0.626130
0.329368 -1.713810 0.626130
0.333835 -1.723810 0.626130
0.333835 -1.731355 0.626130
0.337969 -1.741355 0.626130
0.342020 -1.751355 0.626130
0.345322 -1.761355 0.626130
0.349040 -1.771355 0.626130
0.349040 -1.771355 0.626130
0.349040 -1.771355 0.626130
0.349040 -1.781313 0.626130
0.349040 -1.787860 0.626130
0.349040 -1.793823 0.626130
0.349040 -1.793823 0.626130
0.349040 -1.793823 0.626130
0.349040 -1.793823 0.631654
0.349040 -1.793823 0.638836
0.349040 -1.793823 0.647551
0.349040 -1.793823 0.657551
0.349040 -1.793823 0.657551
0.349040 -1.793823 0.657551
0.349040 -1.793823 0.657551
0.349040 -1.793823 0.657551
0.349040 -1.793823 0.657551
0.349040 -1.793823 0.657551
0.344574 -1.793823 0.657551
0.334574 -1.793823 0.657551
0.334574 -1.793823 0.657551
0.334574 -1.793823 0.657551
0.344574 -1.791853 0.657551
0.344574 -1.791853 0.657551
0.344574 -1.791853 0.657551
0.344574 -1.791853 0.657551
0.344574 -1.791853 0.657551
0.353700 -1.790382 0.657551
0.353700 -1.790382 0.657551
0.362161 -1.789077 0.657551
0.362161 -1.789077 0.657551
0.372161 -1.787606 0.657551
0.376462 -1.786384 0.657551
0.386462 -1.784580 0.657551
0.391844 -1.784274 0.657551
0.401844 -1.781971 0.657551
0.401844 -1.781971 0.657551
0.401844 -1.781971 0.657551
0.401844 -1.781971 0.657551
0.411220 -1.780416 0.657551
0.421220 -1.779195 0.657551
0.428516 -1.776475 0.657551
0.428573 -1.776475 0.657551
0.438573 -1.776169 0.657551
0.440127 -1.776169 0.657551
0.450127 -1.776169 0.657551
0.459503 -1.774115 0.657551
0.469503 -1.771313 0.657551
0.479503 -1.769093 0.657551
0.489503 -1.766290 0.657551
0.489503 -1.766290 0.657551
0.499503 -1.762988 0.657551
0.507964 -1.760020 0.657551
0.509602 -1.760020 0.657551
0.519602 -1.757966 0.657551
0.523320 -1.757966 0.657551
0.531781 -1.757966 0.657551
0.531781 -1.757966 0.657551
0.541781 -1.757493 0.657551
0.550491 -1.755939 0.657551
0.560491 -1.754135 0.657551
0.560491 -1.754135 0.657551
0.560491 -1.754135 0.657551
0.560491 -1.754135 0.657551
0.560491 -1.754135 0.657551
0.560491 -1.754135 0.657551
0.560491 -1.754135 0.657551
0.560491 -1.754135 0.657551
0.560491 -1.754135 0.657551
0.560491 -1.754135 0.657551
0.560491 -1.754135 0.657551
0.560491 -1.754135 0.657551
0.560491 -1.754135 0.657551
0.560491 -1.754135 0.657551
0.560491 -1.754135 0.657551
0.560491 -1.754135 0.657551
0.560491 -1.754135 0.657551
0.560491 -1.754135 0.657551
0.560491 -1.754135 0.657551
0.560491 -1.754135 0.657551
0.560491 -1.754135 0.657551
0.560491 -1.754135 0.657551
0.560491 -1.754135 0.657551
0.560491 -1.754135 0.657551
0.560491 -1.754135 0.657551
0.560491 -1.754135 0.657551
0.560491 -1.754135 0.657551
0.560491 -1.754135 0.657551
0.560491 -1.754135 0.657551
0.560491 -1.754135 0.657551
0.560491 -1.754135 0.657551
0.560491 -1.754135 0.657551
0.560491 -1.754135 0.657551
0.560491 -1.754135 0.657551
0.560491 -1.754135 0.657551
0.560491 -1.754135 0.657551
0.560491 -1.754135 0.657551
0.560491 -1.754135 0.657551
0.560491 -1.754135 0.657551
0.560491 -1.754135 0.657551
0.560491 -1.754135 0.657551
0.560491 -1.754135 0.657551
0.560491 -1.754135 0.657551
0.560491 -1.754135 0.657551
0.560491 -1.754135 0.657551
0.560491 -1.754135 0.657551
0.560491 -1.754135 0.657551
0.560491 -1.754135 0.657551
0.560491 -1.754135 0.657551
0.560491 -1.754135 0.657551
0.560491 -1.754135 0.657551
0.560491 -1.754135 0.657551
0.560491 -1.754135 0.657551
0.560491 -1.754135 0.657551
0.560491 -1.754135 0.657551
0.560491 -1.754135 0.657551
0.560491 -1.754135 0.657551
0.560491 -1.754135 0.657551
0.560491 -1.754135 0.657551
0.560491 -1.754135 0.657551
0.560491 -1.754135 0.657551
0.561463 -1.754135 0.657551
0.571463 -1.753080 0.657551
0.574266 -1.753080 0.657551
0.584266 -1.752607 0.657551
0.586236 -1.752607 0.657551
0.595529 -1.751302 0.657551
0.595586 -1.751302 0.657551
0.595586 -1.751302 0.657551
0.595586 -1.751302 0.657551
0.595586 -1.751302 0.657551
0.595586 -1.751302 0.657551
0.595586 -1.751302 0.657551
0.595586 -1.751302 0.657551
0.595586 -1.751302 0.657551
0.595586 -1.751302 0.657551
0.595586 -1.751302 0.657551
0.595586 -1.761010 0.657551
0.595586 -1.761010 0.657551
0.595586 -1.761010 0.657551
0.595586 -1.771010 0.657551
0.595586 -1.771010 0.657551
0.595586 -1.771010 0.657551
0.595586 -1.771010 0.657551
0.595586 -1.781010 0.657551
0.595586 -1.781010 0.657551
0.595586 -1.781010 0.657551
0.595586 -1.781010 0.657551
0.595586 -1.791010 0.657551
0.595586 -1.791010 0.657551
0.595586 -1.791010 0.657551
0.595586 -1.791010 0.657551
0.588623 -1.791010 0.657551
0.588623 -1.791010 0.657551
0.588623 -1.791010 0.657551
0.588623 -1.791010 0.657551
0.588623 -1.791010 0.657551
0.588623 -1.791010 0.657551
0.588623 -1.791010 0.657551
0.598623 -1.788541 0.657551
0.598623 -1.788541 0.657551
0.608623 -1.787735 0.657551
0.608623 -1.787735 0.657551
0.608623 -1.787735 0.657551
0.608623 -1.787735 0.657551
0.608623 -1.787735 0.657551
0.608623 -1.787735 0.657551
0.608623 -1.787735 0.657551
0.606154 -1.787735 0.657551
0.606154 -1.787735 0.657551
0.606154 -1.787735 0.657551
0.606154 -1.787735 0.657551
0.606154 -1.787735 0.657551
0.606154 -1.787735 0.657551
0.606154 -1.787735 0.657551
0.606154 -1.787735 0.657551
0.606154 -1.787735 0.657551
0.606154 -1.787735 0.657551
0.606154 -1.787735 0.657551
0.606154 -1.787735 0.657551
0.606154 -1.787735 0.657551
0.606154 -1.787735 0.657551
0.606154 -1.787735 0.657551
0.606154 -1.787735 0.657551
0.606154 -1.787735 0.654070
0.606154 -1.787735 0.647510
0.606154 -1.787735 0.638215
0.606154 -1.787735 0.628215
0.606154 -1.787735 0.628215
0.606154 -1.787735 0.628215
0.606154 -1.787735 0.628215
0.606154 -1.787735 0.628215
0.606154 -1.787735 0.628215
0.606154 -1.787735 0.628215
0.606154 -1.787735 0.628215
0.606154 -1.787735 0.623215
0.606154 -1.787735 0.623215
0.606154 -1.787735 0.623215
0.606154 -1.787735 0.623215
0.606154 -1.787735 0.613753
0.606154 -1.787735 0.613753
0.606154 -1.787735 0.613753
0.606154 -1.787735 0.622469
0.606154 -1.787735 0.622469
0.606154 -1.787735 0.622469
0.606154 -1.787735 0.622469
0.606154 -1.787735 0.622469
0.606154 -1.787735 0.622469
0.606154 -1.787735 0.622469
0.606154 -1.787735 0.622469
0.606154 -1.787735 0.622179
0.606154 -1.787735 0.622179
0.606154 -1.787735 0.622179
0.606154 -1.787735 0.617179
0.606154 -1.787735 0.612110
0.606154 -1.787735 0.612110
0.606154 -1.787735 0.612110
0.606154 -1.787735 0.612110
0.606154 -1.787735 0.608049
0.606154 -1.787735 0.608049
0.606154 -1.787735 0.608049
0.606154 -1.787735 0.608049
0.606154 -1.787735 0.608049
0.606154 -1.787735 0.608049
0.606154 -1.787735 0.608049
0.606154 -1.787735 0.608049
0.606154 -1.787735 0.608049
0.606154 -1.787735 0.608049
0.606154 -1.787735 0.608049
0.606154 -1.787735 0.608049
0.606154 -1.787735 0.608049
0.606154 -1.787735 0.608049
0.606154 -1.787735 0.608049
0.606154 -1.787735 0.608049
0.606154 -1.787735 0.608049
0.606154 -1.787735 0.608049
0.606154 -1.787735 0.608049
0.606154 -1.787735 0.608049
0.606154 -1.787735 0.608049
0.606154 -1.787735 0.608049
0.606154 -1.787735 0.608049
0.606154 -1.787735 0.608049
0.606154 -1.787735 0.608049
0.606154 -1.787735 0.608049
0.606154 -1.787735 0.608049
0.606154 -1.787735 0.608049
0.606154 -1.787735 0.608049
0.606154 -1.787735 0.608049
0.606154 -1.787735 0.608049
0.606154 -1.787735 0.608049
0.606154 -1.787735 0.608049
0.606154 -1.787735 0.608049
0.606154 -1.787735 0.608049
0.606154 -1.787735 0.608049
0.606154 -1.787735 0.608049
0.606154 -1.787735 0.608049
0.606154 -1.787735 0.608049
0.606154 -1.787735 0.608049
0.606154 -1.787735 0.608049
0.606154 -1.787735 0.608049
0.606154 -1.787735 0.608049
0.606154 -1.787735 0.608049
0.606154 -1.787735 0.608049
0.606154 -1.787735 0.608049
0.606154 -1.787735 0.608049
0.606154 -1.787735 0.608049
0.606154 -1.787735 0.608049
0.606154 -1.787735 0.608049
0.606154 -1.787735 0.608049
0.606154 -1.787735 0.608049
0.606154 -1.787735 0.608049
0.606154 -1.787735 0.608049
0.606154 -1.787735 0.608049
0.606154 -1.787735 0.608049
0.606154 -1.787735 0.608049
0.606154 -1.787735 0.608049
0.606154 -1.787735 0.608049
0.606154 -1.787735 0.608049
0.606154 -1.787735 0.608049
0.606154 -1.787735 0.608049
0.606154 -1.787735 0.608049
0.606154 -1.787735 0.608049
0.606154 -1.787735 0.608049
0.606154 -1.787735 0.608049
0.600856 -1.778442 0.608049
0.600856 -1.778442 0.608049
0.600856 -1.778442 0.608049
0.600856 -1.778442 0.608049
0.600856 -1.778442 0.608049
0.600856 -1.778442 0.608049
0.600856 -1.778442 0.608049
0.591647 -1.772894 0.608049
0.591647 -1.772894 0.608049
0.591647 -1.772894 0.608049
0.591647 -1.772894 0.608049
0.591647 -1.772894 0.608049
0.591647 -1.772894 0.608049
0.591647 -1.772894 0.608049
0.591647 -1.772894 0.608049
0.591647 -1.772894 0.608049
0.591647 -1.772894 0.608049
0.591647 -1.772894 0.608049
0.591647 -1.772894 0.608049
0.591647 -1.772894 0.608049
0.591647 -1.772894 0.608049
0.591647 -1.772894 0.608049
0.591647 -1.772894 0.608049
0.591647 -1.772894 0.608049
0.591647 -1.772894 0.608049
0.591647 -1.772894 0.608049
0.591647 -1.772894 0.608049
0.591647 -1.772894 0.608049
0.591647 -1.772894 0.608049
0.591647 -1.772894 0.608049
0.591647 -1.772894 0.608049
0.591008 -1.771173 0.608049
0.584295 -1.763960 0.608049
0.584295 -1.763960 0.608049
0.584295 -1.763960 0.608049
0.584295 -1.763960 0.608049
0.584295 -1.763960 0.608049
0.584295 -1.763960 0.608049
0.584295 -1.763960 0.608049
0.584295 -1.763960 0.608049
0.584295 -1.763960 0.608049
0.584295 -1.763960 0.608049
0.584295 -1.763960 0.608049
0.584295 -1.763960 0.608049
0.584295 -1.763960 0.608049
0.584295 -1.763960 0.608049
0.584295 -1.763960 0.608049
0.584295 -1.763960 0.608049
0.584295 -1.763960 0.608049
0.584295 -1.763960 0.608049
0.584295 -1.763960 0.608049
0.584295 -1.763960 0.608049
0.584295 -1.763960 0.608049
0.584295 -1.763960 0.608049
0.584295 -1.763960 0.608049
0.584295 -1.763960 0.608049
0.584295 -1.763960 0.608049
0.584295 -1.763960 0.608049
0.584295 -1.763960 0.608049
0.584295 -1.763960 0.608049
0.584295 -1.763960 0.608049
0.584295 -1.763960 0.608049
0.584295 -1.763960 0.608049
0.584295 -1.763960 0.608049
0.584295 -1.763960 0.608049
0.584295 -1.763960 0.608049
0.584295 -1.763960 0.608049
0.584295 -1.763960 0.608049
0.584295 -1.763960 0.608049
0.584295 -1.763960 0.608049
0.584295 -1.763960 0.608049
0.584295 -1.763960 0.608049
0.584295 -1.763960 0.608049
0.584295 -1.763960 0.608049
0.584295 -1.763960 0.608049
0.584295 -1.763960 0.608049
0.584295 -1.763960 0.608049
0.584295 -1.763960 0.608049
0.584295 -1.763960 0.608049
0.584295 -1.763960 0.608049
0.584295 -1.763960 0.608049
0.584295 -1.763960 0.608049
0.585184 -1.763960 0.608049
0.593312 -1.762988 0.608049
0.593312 -1.762988 0.608049
0.593312 -1.762988 0.608049
0.593312 -1.762988 0.608049
0.593312 -1.762988 0.608049
0.593312 -1.762988 0.608049
0.593312 -1.762988 0.608049
0.592840 -1.761517 0.608049
0.590205 -1.758215 0.608049
0.586155 -1.753249 0.608049
0.581189 -1.747035 0.608049
0.575891 -1.739988 0.608049
0.575891 -1.739988 0.608049
0.575891 -1.739988 0.608049
0.575891 -1.739988 0.608049
0.575891 -1.739988 0.608049
0.575891 -1.739988 0.608049
0.575891 -1.739988 0.608049
0.582105 -1.738933 0.608049
0.592105 -1.735215 0.608049
0.592105 -1.735215 0.608049
0.592105 -1.735215 0.608049
0.592105 -1.735215 0.608049
0.592105 -1.735215 0.608049
0.592105 -1.735215 0.608049
0.592105 -1.735215 0.608049
0.592105 -1.735215 0.608049
0.592105 -1.735215 0.608049
0.592105 -1.735215 0.608049
0.592105 -1.735215 0.608049
0.592105 -1.735215 0.608049
0.592105 -1.735215 0.608049
0.592105 -1.735215 0.608049
0.593327 -1.735158 0.608049
0.596545 -1.735102 0.608049
0.602094 -1.734878 0.608049
0.610139 -1.734322 0.608049
0.610139 -1.734322 0.608049
0.610139 -1.734322 0.608049
0.610139 -1.734322 0.608049
0.610139 -1.734322 0.608049
0.610139 -1.734322 0.608049
0.610139 -1.734322 0.608049
0.609500 -1.734322 0.608049
0.602538 -1.734322 0.608049
0.602538 -1.734322 0.608049
0.602538 -1.734322 0.608049
0.602538 -1.734322 0.608049
0.602538 -1.734322 0.608049
0.601816 -1.731853 0.608049
0.599846 -1.728301 0.608049
0.596129 -1.722503 0.608049
0.592079 -1.716039 0.608049
0.587612 -1.709326 0.608049
0.587612 -1.709326 0.608049
0.587612 -1.709326 0.608049
0.587612 -1.709326 0.608049
0.587612 -1.709326 0.608049
0.581399 -1.707522 0.608049
0.572023 -1.704469 0.608049
0.572023 -1.704469 0.608049
0.572023 -1.704469 0.608049
0.572023 -1.704469 0.608049
0.580734 -1.702499 0.608049
0.590734 -1.699697 0.608049
0.590734 -1.699697 0.608049
0.590734 -1.699697 0.608049
0.590734 -1.699697 0.608049
0.590734 -1.699697 0.608049
0.590734 -1.699697 0.608049
0.590734 -1.699697 0.608049
0.591040 -1.699697 0.608049
0.599584 -1.697227 0.608049
0.599584 -1.697227 0.608049
0.599584 -1.697227 0.608049
0.599584 -1.697227 0.608049
0.599584 -1.697227 0.608049
0.599584 -1.697227 0.608049
0.599584 -1.697227 0.608049
0.597199 -1.695506 0.608049
0.593481 -1.692454 0.608049
0.593481 -1.692454 0.608049
0.593481 -1.692454 0.608049
0.593481 -1.692454 0.608049
0.593481 -1.692454 0.608049
0.593481 -1.692454 0.608049
0.593481 -1.692454 0.608049
0.593481 -1.692454 0.608049
0.593481 -1.692454 0.608049
0.593481 -1.687737 0.608049
0.593481 -1.680275 0.608049
0.593481 -1.677306 0.608049
0.593481 -1.677306 0.608049
0.593481 -1.677306 0.608049
0.593481 -1.673588 0.608049
0.593481 -1.664794 0.608049
0.592427 -1.661575 0.608049
0.592427 -1.661575 0.608049
0.592427 -1.661575 0.608049
0.588709 -1.651617 0.608049
0.584742 -1.643406 0.608049
0.584742 -1.643406 0.608049
0.584742 -1.643406 0.608049
0.582357 -1.637607 0.608049
0.578390 -1.628315 0.608049
0.578390 -1.626344 0.608049
0.578390 -1.626344 0.608049
0.578390 -1.622876 0.608049
0.577668 -1.612876 0.608049
0.577668 -1.612876 0.608049
0.577668 -1.612876 0.608049
0.577668 -1.612876 0.608049
0.576114 -1.602876 0.608049
0.574394 -1.592876 0.608049
0.572840 -1.590822 0.608049
0.572840 -1.590822 0.608049
0.571702 -1.580822 0.608049
0.569733 -1.570822 0.608049
0.569733 -1.570822 0.608049
0.569733 -1.570822 0.608049
0.569733 -1.560822 0.608049
0.569733 -1.560765 0.608049
0.569733 -1.560765 0.608049
0.569733 -1.560765 0.608049
0.569733 -1.560765 0.608049
0.569733 -1.560765 0.608049
0.569733 -1.560765 0.608049
0.569733 -1.560765 0.608049
0.569733 -1.560765 0.608049
0.569733 -1.560765 0.608049
0.569733 -1.560765 0.608049
0.569733 -1.560765 0.608049
0.569733 -1.560765 0.608049
0.569733 -1.560765 0.608049
0.569733 -1.560765 0.608049
0.569733 -1.560765 0.608049
0.569733 -1.560765 0.608049
0.569733 -1.560765 0.608049
0.569733 -1.560765 0.608049
0.569733 -1.560765 0.608049
0.569733 -1.560765 0.608049
0.569733 -1.560765 0.608049
0.569733 -1.560765 0.608049
0.569733 -1.560765 0.608049
0.569733 -1.560765 0.608049
0.569733 -1.560765 0.608049
0.569733 -1.560765 0.608049
0.569733 -1.560765 0.608049
0.569733 -1.560765 0.608049
0.569733 -1.560765 0.608049
0.569733 -1.560765 0.608049
0.569733 -1.560765 0.608049
0.569733 -1.560765 0.608049
0.569733 -1.560765 0.608049
0.569733 -1.560765 0.608049
0.569733 -1.560765 0.608049
0.569733 -1.560765 0.608049
0.569733 -1.560765 0.608049
0.569733 -1.560765 0.608049
0.569733 -1.560765 0.608049
0.569733 -1.560765 0.608049
0.569733 -1.560765 0.608049
0.569733 -1.560765 0.608049
0.569733 -1.560765 0.608049
0.569733 -1.560765 0.608049
0.569733 -1.567645 0.608049
0.569733 -1.577645 0.608049
0.569733 -1.577645 0.608049
0.569733 -1.577645 0.608049
0.569733 -1.577645 0.608049
0.569733 -1.577645 0.608049
0.569733 -1.577645 0.608049
0.569733 -1.577645 0.608049
0.569733 -1.577645 0.608049
0.569733 -1.577645 0.608049
0.569733 -1.577645 0.608049
0.569733 -1.577645 0.608049
0.569733 -1.577645 0.608049
0.569733 -1.577645 0.608049
0.569733 -1.577645 0.608049
0.569733 -1.577645 0.608049
0.569733 -1.577645 0.608049
0.569733 -1.577645 0.608049
0.569733 -1.577645 0.608049
0.569733 -1.577645 0.608049
0.569733 -1.577645 0.608049
0.569733 -1.577645 0.608049
0.569733 -1.577645 0.608049
0.569733 -1.577645 0.608049
0.569733 -1.577645 0.608049
0.569733 -1.577645 0.608049
0.569733 -1.577645 0.608049
0.569733 -1.577645 0.608049
0.569733 -1.577645 0.608049
0.569733 -1.577645 0.608049
0.569733 -1.577645 0.608049
0.569733 -1.577645 0.608049
0.569733 -1.577645 0.608049
0.569733 -1.577645 0.608049
0.569733 -1.577645 0.608049
0.569733 -1.577645 0.608049
0.569733 -1.577645 0.608049
0.569733 -1.577645 0.608049
0.569733 -1.577645 0.608049
0.569733 -1.577645 0.608049
0.569733 -1.577645 0.608049
0.569733 -1.577645 0.608049
0.569733 -1.577645 0.608049
0.569733 -1.577645 0.608049
0.569733 -1.577645 0.608049
0.569733 -1.577645 0.608049
0.569733 -1.577645 0.608049
0.569733 -1.577645 0.608049
0.569733 -1.577645 0.608049
0.569733 -1.577645 0.608049
0.569733 -1.577645 0.608049
0.569733 -1.577645 0.608049
0.569733 -1.577645 0.608049
0.569733 -1.577645 0.608049
0.569733 -1.577645 0.608049
0.569733 -1.577645 0.608049
0.569733 -1.577645 0.608049
0.569733 -1.577645 0.608049
0.569733 -1.577645 0.608049
0.569733 -1.577645 0.608049
0.569733 -1.577645 0.608049
0.569733 -1.577645 0.608049
0.569733 -1.577645 0.608049
0.569733 -1.577645 0.608049
0.569733 -1.577645 0.608049
0.569733 -1.577645 0.608049
0.569733 -1.577645 0.608049
0.569733 -1.577645 0.608049
0.569733 -1.577645 0.608049
0.569733 -1.577645 0.608049
0.569733 -1.577645 0.608049
0.569733 -1.577645 0.608049
0.569733 -1.577645 0.608049
0.569733 -1.577645 0.608049
0.569733 -1.577645 0.608049
0.569733 -1.577645 0.608049
0.569733 -1.577645 0.608049
0.569733 -1.577645 0.608049
