0.316040 -1.645600 0.626130
0.316040 -1.645600 0.626130
0.316040 -1.645600 0.626130
0.316040 -1.645600 0.626130
0.316040 -1.645600 0.626130
0.316040 -1.645600 0.626130
0.316346 -1.648818 0.626130
0.316986 -1.658818 0.626130
0.317625 -1.668818 0.626130
0.320843 -1.678818 0.626130
0.327890 -1.688194 0.626130
0.336767 -1.696155 0.626130
0.346767 -1.697708 0.626130
0.349653 -1.697708 0.626130
0.349653 -1.697708 0.626130
0.344188 -1.697765 0.626130
0.335728 -1.704144 0.626130
0.331012 -1.714144 0.626130
0.333897 -1.724144 0.626130
0.343897 -1.724367 0.626586
0.350112 -1.718236 0.630730
0.348225 -1.714934 0.636130
0.338225 -1.718235 0.640605
0.329765 -1.726196 0.640605
0.336978 -1.726196 0.640605
0.346978 -1.720648 0.640605
0.346978 -1.710648 0.642346
0.336978 -1.711120 0.642967
0.327935 -1.718332 0.642967
0.320307 -1.726959 0.642967
0.310307 -1.731508 0.642967
0.301264 -1.724961 0.642967
0.299045 -1.716833 0.642967
0.299045 -1.716833 0.642967
0.299045 -1.716833 0.642967
0.299045 -1.716833 0.642967
0.299045 -1.716693 0.642967
0.299045 -1.716693 0.642967
0.299045 -1.716693 0.642967
0.299045 -1.716693 0.642967
0.299045 -1.716693 0.642967
0.299045 -1.718247 0.642967
0.299045 -1.718107 0.642967
0.298656 -1.711310 0.642967
0.290944 -1.710421 0.642967
0.290944 -1.700421 0.642967
0.300071 -1.694706 0.642967
0.306701 -1.694706 0.642967
0.306701 -1.694706 0.642967
0.306701 -1.694706 0.642967
0.304149 -1.694706 0.642967
0.304149 -1.694706 0.642967
0.304149 -1.694706 0.642967
0.304149 -1.694706 0.642967
0.304149 -1.694706 0.642967
0.304149 -1.694706 0.642967
0.304149 -1.694706 0.642967
0.304149 -1.694706 0.642967
0.304149 -1.694706 0.642967
0.304149 -1.694706 0.642967
0.304149 -1.694706 0.642967
0.304149 -1.694706 0.642967
0.304149 -1.694706 0.642967
0.304149 -1.694706 0.642967
0.304149 -1.694706 0.642967
0.304149 -1.694706 0.642967
0.304149 -1.694706 0.642967
0.304149 -1.694706 0.642967
0.304149 -1.694706 0.642967
0.304149 -1.694706 0.642967
0.304149 -1.694706 0.642967
